0: $GPGSA,A,3,32,01,03,04,11,19,17,14,23,31,12,,1.58,0.88,1.32*02
1: $GPGSA,A,3,32,01,03,04,11,19,17,14,23,31,12,,1.58,0.88,1.32*02
2: $GPGSA,A,3,32,01,03,04,11,19,17,14,23,31,12,,1.58,0.88,1.32*02
3: $GPGSA,A,3,32,01,03,04,11,19,17,14,23,31,12,,1.58,0.88,1.32*02
4: $GPGSA,A,3,32,01,03,04,11,19,17,14,23,31,12,,1.58,0.88,1.32*02
5: $GPGSA,A,3,32,01,03,04,11,19,17,14,23,31,12,,1.58,0.88,1.32*02
6: $GPGSA,A,3,32,01,03,04,11,19,17,14,23,31,12,,1.58,0.88,1.32*02
6: $GPGSA,A,3,32,01,03,04,11,19,17,14,23,31,12,,1.58,0.88,1.32*02
7: $GPGSA,A,3,32,01,03,04,11,19,17,14,23,31,12,,1.58,0.88,1.32*02
8: $GPGSA,A,3,32,01,03,04,11,19,17,14,23,31,12,,1.58,0.88,1.32*02
9: $GPGSA,A,3,32,01,03,04,11,19,17,14,23,31,12,,1.58,0.88,1.32*02
10: $GPGSA,A,3,32,01,03,04,11,19,17,14,23,31,12,,1.58,0.88,1.32*02
11: $GPGSA,A,3,32,01,03,04,11,19,17,14,23,31,12,,1.58,0.88,1.32*02
12: $GPGSA,A,3,32,01,03,04,11,19,17,14,23,31,12,,1.58,0.88,1.32*02
13: $GPGSA,A,3,32,01,03,04,11,19,17,14,23,31,12,,1.58,0.88,1.32*02
14: $GPGSA,A,3,32,01,03,04,11,19,17,14,23,31,12,,1.76,0.94,1.49*0F
15: $GPGSA,A,3,32,01,03,04,11,19,17,14,23,31,,,1.76,0.94,1.49*0C
16: $GPGSA,A,3,32,01,03,04,11,19,17,14,23,31,12,,1.76,0.94,1.49*0F
17: $GPGSA,A,3,32,01,03,04,11,19,17,14,23,31,12,,1.76,0.94,1.49*0F
18: $GPGSA,A,3,32,01,03,04,11,19,17,14,23,31,12,,1.58,0.88,1.32*02
19: $GPGSA,A,3,32,01,03,04,11,19,17,14,23,31,12,,1.58,0.88,1.32*02
20: $GPGSA,A,3,32,01,03,04,11,19,17,14,23,31,12,,1.58,0.88,1.32*02
21: $GPGSA,A,3,32,01,03,04,11,19,17,14,23,31,12,,1.58,0.88,1.32*02
22: $GPGSA,A,3,32,01,03,04,11,19,17,14,23,31,12,,1.58,0.88,1.32*02
22: $GPGSA,A,3,32,01,03,04,11,19,17,14,23,31,12,,1.58,0.88,1.32*02
23: $GPGSA,A,3,32,01,03,04,11,19,17,14,23,31,12,,1.58,0.88,1.32*02
24: $GPGSA,A,3,32,01,03,04,11,19,17,14,23,31,12,,1.58,0.88,1.32*02
25: $GPGSA,A,3,32,01,03,04,11,19,17,14,23,31,12,,1.58,0.88,1.32*02
26: $GPGSA,A,3,32,01,03,04,11,19,17,14,23,31,12,,1.58,0.88,1.32*02
27: $GPGSA,A,3,32,01,03,04,11,19,17,14,23,31,12,,1.58,0.88,1.32*02
28: $GPGSA,A,3,32,01,03,04,11,19,17,14,23,31,12,,1.58,0.88,1.32*02
29: $GPGSA,A,3,32,01,03,04,11,19,17,14,23,31,12,,1.58,0.88,1.32*02
30: $GPGSA,A,3,32,01,03,04,11,19,17,14,23,31,12,,1.58,0.88,1.32*02
31: $GPGSA,A,3,32,01,03,04,11,19,17,14,23,31,12,,1.58,0.88,1.32*02
32: $GPGSA,A,3,32,01,03,04,11,19,17,14,23,31,12,,1.58,0.88,1.32*02
33: $GPGSA,A,3,32,01,03,04,11,19,17,14,23,31,12,,1.58,0.88,1.32*02
34: $GPGSA,A,3,32,01,03,04,11,19,17,14,23,31,12,,1.58,0.88,1.32*02
35: $GPGSA,A,3,32,01,03,04,11,19,17,14,23,31,12,,1.58,0.88,1.32*02
36: $GPGSA,A,3,32,01,03,04,11,19,17,14,23,31,12,,1.58,0.88,1.32*02
37: $GPGSA,A,3,32,01,03,04,11,19,17,14,23,31,12,,1.58,0.88,1.32*02
38: $GPGSA,A,3,32,01,03,04,11,19,17,14,23,31,12,,1.58,0.88,1.32*02
39: $GPGSA,A,3,32,01,03,04,11,19,17,14,23,31,12,,1.58,0.88,1.32*02
40: $GPGSA,A,3,32,01,03,04,11,19,17,14,23,31,12,,1.58,0.88,1.32*02
41: $GPGSA,A,3,32,01,03,04,11,19,17,14,23,31,12,,1.58,0.88,1.32*02
42: $GPGSA,A,3,32,01,03,04,11,19,17,14,23,31,12,,1.58,0.88,1.32*02
43: $GPGSA,A,3,32,01,03,04,11,19,17,14,23,31,12,,1.58,0.88,1.32*02
43: $GPGSA,A,3,32,01,03,04,11,19,17,14,23,31,12,,1.58,0.88,1.32*02
44: $GPGSA,A,3,32,01,03,04,11,19,17,14,23,31,12,,1.58,0.88,1.32*02
45: $GPGSA,A,3,32,01,03,04,11,19,17,14,23,31,12,,1.58,0.88,1.32*02
46: $GPGSA,A,3,32,01,03,04,11,19,17,14,23,31,12,,1.58,0.88,1.32*02
47: $GPGSA,A,3,32,01,03,04,11,19,17,14,23,31,12,,1.58,0.88,1.32*02
48: $GPGSA,A,3,32,01,03,04,11,19,17,14,23,31,12,,1.58,0.88,1.32*02
49: $GPGSA,A,3,32,01,03,04,11,19,17,14,23,31,12,,1.58,0.88,1.32*02
50: $GPGSA,A,3,32,01,03,04,11,19,17,14,23,31,12,,1.58,0.88,1.32*02
51: $GPGSA,A,3,32,01,03,04,11,19,17,14,23,31,12,,1.58,0.88,1.32*02
52: $GPGSA,A,3,32,01,03,04,11,19,17,14,23,31,12,,1.58,0.88,1.32*02
53: $GPGSA,A,3,32,01,03,04,11,19,17,14,23,31,12,,1.58,0.88,1.32*02
54: $GPGSA,A,3,32,01,03,04,11,19,17,14,23,31,12,,1.58,0.88,1.32*02
55: $GPGSA,A,3,32,01,03,04,11,19,17,14,23,31,12,,1.58,0.88,1.32*02
56: $GPGSA,A,3,32,01,03,04,11,19,17,14,23,31,12,,1.58,0.88,1.32*02
57: $GPGSA,A,3,32,01,03,04,11,19,17,14,23,31,12,,1.58,0.88,1.32*02
58: $GPGSA,A,3,32,01,03,04,11,19,17,14,23,31,12,,1.58,0.88,1.32*02
59: $GPGSA,A,3,32,01,03,04,11,19,17,14,23,31,12,,1.58,0.88,1.32*02
60: $GPGSA,A,3,32,01,03,04,11,19,17,14,23,31,12,,1.58,0.88,1.32*02
61: $GPGSA,A,3,32,01,03,04,11,19,17,14,23,31,12,,1.58,0.88,1.32*02
61: $GPGSA,A,3,32,01,03,04,11,19,17,14,23,31,12,,1.58,0.88,1.32*02
62: $GPGSA,A,3,32,01,03,04,11,19,17,14,23,31,12,,1.58,0.88,1.32*02
63: $GPGSA,A,3,32,01,03,04,11,19,17,14,23,31,12,,1.58,0.88,1.32*02
64: $GPGSA,A,3,32,01,03,04,11,19,17,14,23,31,12,,1.58,0.88,1.32*02
65: $GPGSA,A,3,32,01,03,04,11,19,17,14,23,31,12,,1.58,0.88,1.32*02
66: $GPGSA,A,3,32,01,03,04,11,19,17,14,23,31,12,,1.58,0.88,1.32*02
67: $GPGSA,A,3,32,01,03,04,11,19,17,14,23,31,12,,1.58,0.88,1.32*02
68: $GPGSA,A,3,32,01,03,04,11,19,17,14,23,31,12,,1.58,0.88,1.32*02
69: $GPGSA,A,3,32,01,03,04,11,19,17,14,23,31,12,,1.58,0.88,1.32*02
70: $GPGSA,A,3,32,01,03,04,11,19,17,14,23,31,12,,1.58,0.88,1.32*02
71: $GPGSA,A,3,32,01,03,04,11,19,17,14,23,31,12,,1.58,0.88,1.32*02
72: $GPGSA,A,3,32,01,03,04,11,19,17,14,23,31,12,,1.67,0.88,1.42*09
73: $GPGSA,A,3,32,01,03,04,11,19,17,14,23,31,12,,1.67,0.88,1.42*09
74: $GPGSA,A,3,32,01,03,04,11,19,17,14,23,31,12,,1.67,0.88,1.42*09
74: $GPGSA,A,3,32,01,03,04,11,19,17,14,23,31,12,,1.67,0.88,1.42*09
75: $GPGSA,A,3,32,01,03,04,11,19,17,14,23,31,12,,1.58,0.88,1.32*02
76: $GPGSA,A,3,32,03,04,11,19,17,14,23,31,12,,,1.67,0.88,1.42*08
77: $GPGSA,A,3,32,01,03,04,11,19,17,14,23,31,12,,1.67,0.88,1.42*09
78: $GPGSA,A,3,32,01,03,04,11,19,17,14,23,31,12,,1.67,0.88,1.42*09
79: $GPGSA,A,3,32,03,04,11,19,17,14,23,31,12,,,1.67,0.88,1.42*08
80: $GPGSA,A,3,32,03,04,11,19,17,14,23,31,12,,,1.67,0.88,1.42*08
81: $GPGSA,A,3,32,03,04,11,19,17,14,23,31,12,,,1.67,0.88,1.42*08
82: $GPGSA,A,3,32,03,04,11,19,17,14,23,31,12,,,1.67,0.88,1.42*08
83: $GPGSA,A,3,32,03,04,11,19,17,14,23,31,12,,,1.67,0.88,1.42*08
84: $GPGSA,A,3,32,03,04,11,19,17,14,23,31,12,,,1.67,0.88,1.42*08
85: $GPGSA,A,3,32,03,04,11,19,17,14,23,31,12,,,1.67,0.88,1.42*08
86: $GPGSA,A,3,32,03,04,11,19,17,14,23,31,12,,,1.67,0.88,1.42*08
87: $GPGSA,A,3,32,01,03,04,11,19,17,14,23,31,12,,1.67,0.88,1.42*09
88: $GPGSA,A,3,32,01,03,04,11,19,17,14,23,31,12,,1.67,0.88,1.42*09
89: $GPGSA,A,3,32,01,03,04,11,19,17,14,23,31,12,,1.67,0.88,1.42*09
90: $GPGSA,A,3,32,01,03,04,11,19,17,14,23,31,12,,1.67,0.88,1.42*09
91: $GPGSA,A,3,32,01,03,04,11,19,17,14,23,31,12,,1.67,0.88,1.42*09
91: $GPGSA,A,3,32,01,03,04,11,19,17,14,23,31,12,,1.67,0.88,1.42*09
92: $GPGSA,A,3,32,01,03,04,11,19,17,14,23,31,12,,1.67,0.88,1.42*09
93: $GPGSA,A,3,32,01,03,04,11,19,17,14,23,31,12,,1.58,0.88,1.32*02
94: $GPGSA,A,3,32,01,03,04,11,19,17,14,23,31,12,,1.67,0.88,1.42*09
95: $GPGSA,A,3,32,01,03,04,11,19,17,14,23,31,12,,1.58,0.88,1.32*02
96: $GPGSA,A,3,32,01,03,04,11,19,17,14,23,31,12,,1.58,0.88,1.32*02
97: $GPGSA,A,3,32,01,03,04,11,19,17,14,23,31,12,,1.58,0.88,1.32*02
98: $GPGSA,A,3,32,01,03,04,11,19,17,14,23,31,12,,1.67,0.88,1.42*09
99: $GPGSA,A,3,32,01,03,04,11,19,17,14,23,31,12,,1.58,0.88,1.32*02
100: $GPGSA,A,3,32,01,03,04,11,19,17,14,23,31,12,,1.58,0.88,1.32*02
101: $GPGSA,A,3,32,01,03,04,11,19,17,14,23,31,12,,1.67,0.88,1.42*09
102: $GPGSA,A,3,32,01,03,04,11,19,17,14,23,31,12,,1.67,0.88,1.42*09
103: $GPGSA,A,3,32,01,03,04,11,19,17,14,23,31,12,,1.67,0.88,1.42*09
104: $GPGSA,A,3,32,01,03,04,11,19,17,14,23,31,12,,1.67,0.88,1.42*09
105: $GPGSA,A,3,32,01,03,04,11,19,17,14,23,31,12,,1.67,0.88,1.42*09
105: $GPGSA,A,3,32,01,03,04,11,19,17,14,23,31,12,,1.67,0.88,1.42*09
106: $GPGSA,A,3,32,01,03,04,11,19,17,14,23,31,12,,1.67,0.88,1.42*09
107: $GPGSA,A,3,32,01,03,04,11,19,17,14,23,31,12,,1.67,0.88,1.42*09
108: $GPGSA,A,3,32,01,03,04,11,19,17,14,23,31,12,,1.67,0.88,1.42*09
109: $GPGSA,A,3,32,01,03,04,11,19,17,14,23,31,12,,1.67,0.88,1.42*09
110: $GPGSA,A,3,32,01,03,04,11,19,17,14,23,31,12,,1.67,0.88,1.42*09
111: $GPGSA,A,3,32,01,03,04,11,19,17,14,23,31,12,,1.67,0.88,1.42*09
112: $GPGSA,A,3,32,01,03,04,11,19,17,14,23,31,12,,1.67,0.88,1.42*09
113: $GPGSA,A,3,32,01,03,04,11,19,17,14,23,31,12,,1.67,0.88,1.42*09
114: $GPGSA,A,3,32,01,03,04,11,19,17,14,23,31,12,,1.67,0.88,1.42*09
115: $GPGSA,A,3,32,01,03,04,11,19,17,14,23,31,12,,1.67,0.88,1.42*09
116: $GPGSA,A,3,32,01,03,04,11,19,17,14,23,31,12,,1.67,0.87,1.42*06
117: $GPGSA,A,3,32,01,03,04,11,19,17,14,23,31,12,,1.67,0.87,1.42*06
118: $GPGSA,A,3,32,01,03,04,11,19,17,14,23,31,12,,1.58,0.87,1.31*0E
119: $GPGSA,A,3,32,01,03,04,11,19,17,14,23,31,12,,1.58,0.87,1.31*0E
120: $GPGSA,A,3,32,01,03,04,11,19,17,14,23,31,12,,1.58,0.87,1.31*0E
121: $GPGSA,A,3,32,01,03,04,11,19,17,14,23,31,12,,1.58,0.87,1.31*0E
122: $GPGSA,A,3,32,01,03,04,11,19,17,14,23,31,12,,1.58,0.87,1.31*0E
122: $GPGSA,A,3,32,03,04,11,19,17,14,23,31,12,,,1.67,0.87,1.42*07
123: $GPGSA,A,3,32,03,04,11,19,17,14,23,31,12,,,1.66,0.87,1.42*06
124: $GPGSA,A,3,32,01,03,04,11,19,17,14,23,31,12,,1.66,0.87,1.42*07
125: $GPGSA,A,3,32,01,03,04,11,19,17,14,23,31,12,,1.66,0.87,1.42*07
126: $GPGSA,A,3,32,01,03,04,11,19,17,14,23,31,12,,1.66,0.87,1.42*07
127: $GPGSA,A,3,32,01,03,04,11,19,17,14,23,31,12,,1.66,0.87,1.42*07
128: $GPGSA,A,3,32,01,03,04,11,19,17,14,23,31,12,,1.66,0.87,1.42*07
129: $GPGSA,A,3,32,01,03,04,11,19,17,14,23,31,12,,1.66,0.87,1.42*07
130: $GPGSA,A,3,32,01,03,04,11,19,17,14,23,31,12,,1.66,0.87,1.42*07
131: $GPGSA,A,3,32,01,03,04,11,19,17,14,23,31,12,,1.66,0.87,1.42*07
132: $GPGSA,A,3,32,01,03,04,11,19,17,14,23,31,12,,1.66,0.87,1.42*07
133: $GPGSA,A,3,32,01,03,04,11,19,17,14,23,31,12,,1.66,0.87,1.42*07
134: $GPGSA,A,3,32,01,03,04,11,19,17,14,23,31,12,,1.66,0.87,1.42*07
135: $GPGSA,A,3,32,01,03,04,11,19,17,14,23,31,12,,1.66,0.87,1.42*07
136: $GPGSA,A,3,32,01,03,04,11,19,17,14,23,31,12,,1.66,0.87,1.42*07
137: $GPGSA,A,3,32,01,03,04,11,19,17,14,23,31,12,,1.66,0.87,1.42*07
138: $GPGSA,A,3,32,01,03,04,11,19,17,14,23,31,12,,1.66,0.87,1.42*07
139: $GPGSA,A,3,32,01,03,04,11,19,17,14,23,31,12,,1.66,0.87,1.42*07
140: $GPGSA,A,3,32,01,03,04,11,19,17,14,23,31,12,,1.66,0.87,1.42*07
141: $GPGSA,A,3,32,01,03,04,11,19,17,14,23,31,12,,1.66,0.87,1.41*04
141: $GPGSA,A,3,32,01,03,04,11,19,17,14,23,31,12,,1.66,0.87,1.41*04
142: $GPGSA,A,3,32,01,03,04,11,19,17,14,23,31,12,,1.66,0.87,1.41*04
143: $GPGSA,A,3,32,01,03,04,11,19,17,14,23,31,12,,1.66,0.87,1.41*04
144: $GPGSA,A,3,32,03,04,11,19,17,14,23,31,12,,,1.66,0.87,1.41*05
145: $GPGSA,A,3,32,03,04,11,19,17,14,23,31,12,,,1.66,0.87,1.41*05
146: $GPGSA,A,3,32,01,03,04,11,19,17,14,23,31,12,,1.66,0.87,1.41*04
147: $GPGSA,A,3,32,01,03,04,11,19,17,14,23,31,12,,1.66,0.87,1.41*04
148: $GPGSA,A,3,32,01,03,04,11,19,17,14,23,31,12,,1.66,0.87,1.41*04
149: $GPGSA,A,3,32,01,03,04,11,19,17,14,23,31,12,,1.66,0.87,1.41*04
150: $GPGSA,A,3,32,01,03,04,11,19,17,14,23,31,12,,1.66,0.87,1.41*04
151: $GPGSA,A,3,32,01,03,04,11,19,17,14,23,31,12,,1.66,0.87,1.41*04
152: $GPGSA,A,3,32,01,03,04,11,19,17,14,23,31,12,,1.66,0.87,1.41*04
153: $GPGSA,A,3,32,01,03,04,11,19,17,14,23,31,12,,1.66,0.87,1.41*04
154: $GPGSA,A,3,32,01,03,04,11,19,17,14,23,31,12,,1.66,0.87,1.41*04
155: $GPGSA,A,3,32,01,03,04,11,19,17,14,23,31,12,,1.66,0.87,1.41*04
155: $GPGSA,A,3,32,01,03,04,11,19,17,14,23,31,12,,1.66,0.87,1.41*04
156: $GPGSA,A,3,32,01,03,04,11,19,17,14,23,31,12,,1.66,0.87,1.41*04
157: $GPGSA,A,3,32,01,03,04,11,19,17,14,23,31,12,,1.66,0.87,1.41*04
158: $GPGSA,A,3,32,01,03,04,11,19,17,14,23,31,12,,1.66,0.87,1.41*04
159: $GPGSA,A,3,32,03,04,11,19,17,14,23,31,12,,,1.66,0.87,1.41*05
160: $GPGSA,A,3,32,01,03,04,11,19,17,14,23,31,12,,1.66,0.87,1.41*04
161: $GPGSA,A,3,32,03,04,11,19,17,14,23,31,12,,,1.66,0.87,1.41*05
162: $GPGSA,A,3,32,01,03,04,11,19,17,14,23,31,12,,1.66,0.87,1.41*04
163: $GPGSA,A,3,32,01,03,04,11,19,17,14,23,31,12,,1.66,0.87,1.41*04
164: $GPGSA,A,3,32,01,03,04,11,19,17,14,23,31,12,,1.66,0.87,1.41*04
165: $GPGSA,A,3,32,01,03,04,11,19,17,14,23,31,12,,1.66,0.87,1.41*04
166: $GPGSA,A,3,32,01,03,04,11,19,17,14,23,31,12,,1.66,0.87,1.41*04
167: $GPGSA,A,3,32,01,03,04,11,19,17,14,23,31,12,,1.66,0.87,1.41*04
168: $GPGSA,A,3,32,01,03,04,11,19,17,14,23,31,12,,1.66,0.87,1.41*04
169: $GPGSA,A,3,32,01,03,04,11,19,17,14,23,31,12,,1.66,0.87,1.41*04
170: $GPGSA,A,3,32,01,03,04,11,19,17,14,23,31,12,,1.66,0.87,1.41*04
170: $GPGSA,A,3,32,01,03,04,11,19,17,14,23,31,12,,1.66,0.87,1.41*04
171: $GPGSA,A,3,32,01,03,04,11,19,17,14,23,31,12,,1.66,0.87,1.41*04
172: $GPGSA,A,3,32,01,03,04,11,19,17,14,23,31,12,,1.66,0.87,1.41*04
173: $GPGSA,A,3,32,01,03,04,11,19,17,14,23,31,12,,1.66,0.87,1.41*04
174: $GPGSA,A,3,32,01,03,04,11,19,17,14,23,31,12,,1.66,0.87,1.41*04
175: $GPGSA,A,3,32,01,03,04,11,19,17,14,23,31,12,,1.66,0.87,1.41*04
176: $GPGSA,A,3,32,01,03,04,11,19,17,14,23,31,12,,1.66,0.87,1.41*04
177: $GPGSA,A,3,32,01,03,04,11,19,17,14,23,31,12,,1.66,0.87,1.41*04
178: $GPGSA,A,3,32,01,03,04,11,19,17,14,23,31,12,,1.66,0.87,1.41*04
179: $GPGSA,A,3,32,01,03,04,11,19,17,14,23,31,12,,1.66,0.87,1.41*04
180: $GPGSA,A,3,32,01,03,04,11,19,17,14,23,31,12,,1.66,0.87,1.41*04
181: $GPGSA,A,3,32,01,03,04,11,19,17,14,23,31,12,,1.66,0.87,1.41*04
182: $GPGSA,A,3,32,01,03,04,11,19,17,14,23,31,12,,1.66,0.87,1.41*04
183: $GPGSA,A,3,32,01,03,04,11,19,17,14,23,31,12,,1.66,0.87,1.41*04
184: $GPGSA,A,3,32,01,03,04,11,19,17,14,23,31,12,,1.66,0.87,1.41*04
184: $GPGSA,A,3,32,01,03,04,11,19,17,14,23,31,12,,1.66,0.87,1.41*04
185: $GPGSA,A,3,32,01,03,04,11,19,17,14,23,31,12,,1.66,0.87,1.41*04
186: $GPGSA,A,3,32,01,03,04,11,19,17,14,23,31,12,,1.66,0.87,1.41*04
187: $GPGSA,A,3,32,01,03,04,11,19,17,14,23,31,12,,1.66,0.87,1.41*04
188: $GPGSA,A,3,32,01,03,04,11,19,17,14,23,31,12,,1.66,0.87,1.41*04
189: $GPGSA,A,3,32,01,03,04,11,19,17,14,23,31,12,,1.66,0.87,1.41*04
190: $GPGSA,A,3,32,01,03,04,11,19,17,14,23,31,12,,1.66,0.87,1.41*04
191: $GPGSA,A,3,32,01,03,04,11,19,17,14,23,31,12,,1.66,0.87,1.41*04
192: $GPGSA,A,3,32,01,03,04,11,19,17,14,23,31,12,,1.58,0.87,1.31*0E
193: $GPGSA,A,3,32,01,03,04,11,19,17,14,23,31,12,,1.57,0.87,1.31*01
194: $GPGSA,A,3,32,01,03,04,11,19,17,14,23,31,12,,1.57,0.87,1.31*01
195: $GPGSA,A,3,32,01,03,04,11,19,17,14,23,31,12,,1.57,0.87,1.31*01
196: $GPGSA,A,3,32,01,03,04,11,19,17,14,23,31,12,,1.57,0.87,1.31*01
197: $GPGSA,A,3,32,01,03,04,11,19,17,14,23,31,12,,1.57,0.87,1.31*01
198: $GPGSA,A,3,32,01,03,04,11,19,17,14,23,31,12,,1.57,0.87,1.31*01
199: $GPGSA,A,3,32,01,03,04,11,19,17,14,23,31,12,,1.57,0.87,1.31*01
200: $GPGSA,A,3,32,01,03,04,11,19,17,14,23,31,12,,1.57,0.87,1.31*01
201: $GPGSA,A,3,32,01,03,04,11,19,17,14,23,31,12,,1.57,0.87,1.31*01
202: $GPGSA,A,3,32,01,03,04,11,19,17,14,23,31,12,,1.57,0.87,1.31*01
203: $GPGSA,A,3,32,01,03,04,11,19,17,14,23,31,12,,1.57,0.87,1.31*01
203: $GPGSA,A,3,32,01,03,04,11,19,17,14,23,31,12,,1.57,0.87,1.31*01
204: $GPGSA,A,3,32,01,03,04,11,19,17,14,23,31,12,,1.57,0.87,1.31*01
205: $GPGSA,A,3,32,01,03,04,11,19,17,14,23,31,12,,1.57,0.87,1.31*01
206: $GPGSA,A,3,32,01,03,04,11,19,17,14,23,31,12,,1.57,0.87,1.31*01
207: $GPGSA,A,3,32,01,03,04,11,19,17,14,23,31,12,,1.57,0.87,1.31*01
208: $GPGSA,A,3,32,01,03,04,11,19,17,14,23,31,12,,1.57,0.87,1.31*01
209: $GPGSA,A,3,32,01,03,04,11,19,17,14,23,31,12,,1.57,0.87,1.31*01
210: $GPGSA,A,3,32,01,03,04,11,19,17,14,23,31,12,,1.57,0.87,1.31*01
211: $GPGSA,A,3,32,01,03,04,11,19,17,14,23,31,12,,1.57,0.87,1.31*01
212: $GPGSA,A,3,32,01,03,04,11,19,17,14,23,31,12,,1.57,0.87,1.31*01
213: $GPGSA,A,3,32,01,03,04,11,19,17,14,23,31,12,,1.57,0.87,1.31*01
214: $GPGSA,A,3,32,01,03,04,11,19,17,14,23,31,12,,1.57,0.87,1.31*01
215: $GPGSA,A,3,32,01,03,04,11,19,17,14,23,31,12,,1.57,0.87,1.31*01
216: $GPGSA,A,3,32,01,03,04,11,19,17,14,23,31,12,,1.57,0.87,1.31*01
216: $GPGSA,A,3,32,01,03,04,11,19,17,14,23,31,12,,1.57,0.87,1.31*01
217: $GPGSA,A,3,32,01,03,04,11,19,17,14,23,31,12,,1.57,0.87,1.31*01
218: $GPGSA,A,3,32,01,03,04,11,19,17,14,23,31,12,,1.57,0.87,1.31*01
219: $GPGSA,A,3,32,01,03,04,11,19,17,14,23,31,12,,1.57,0.87,1.31*01
220: $GPGSA,A,3,32,01,03,04,11,19,17,14,23,31,12,,1.57,0.87,1.31*01
221: $GPGSA,A,3,32,01,03,04,11,19,17,14,23,31,12,,1.57,0.87,1.31*01
222: $GPGSA,A,3,32,01,03,04,11,19,17,14,23,31,12,,1.57,0.87,1.31*01
223: $GPGSA,A,3,32,01,03,04,11,19,17,14,23,31,12,,1.57,0.87,1.31*01
224: $GPGSA,A,3,32,01,03,04,11,19,17,14,23,31,12,,1.57,0.87,1.31*01
225: $GPGSA,A,3,32,01,03,04,11,19,17,14,23,31,12,,1.57,0.87,1.31*01
226: $GPGSA,A,3,32,01,03,04,11,19,17,14,23,31,12,,1.57,0.87,1.31*01
227: $GPGSA,A,3,32,01,03,04,11,19,17,14,23,31,12,,1.57,0.87,1.31*01
228: $GPGSA,A,3,32,01,03,04,11,19,17,14,23,31,12,,1.57,0.87,1.31*01
229: $GPGSA,A,3,32,01,03,04,11,19,17,14,23,31,12,,1.57,0.87,1.31*01
230: $GPGSA,A,3,32,01,03,04,11,19,17,14,23,31,12,,1.57,0.87,1.31*01
231: $GPGSA,A,3,32,01,03,04,11,19,17,14,23,31,12,,1.57,0.87,1.31*01
232: $GPGSA,A,3,32,01,03,04,11,19,17,14,23,31,12,,1.57,0.87,1.31*01
233: $GPGSA,A,3,32,01,03,04,11,19,17,14,23,31,12,,1.57,0.87,1.31*01
233: $GPGSA,A,3,32,01,03,04,11,19,17,14,23,31,12,,1.57,0.87,1.31*01
234: $GPGSA,A,3,32,01,03,04,11,19,17,14,23,31,12,,1.57,0.87,1.31*01
235: $GPGSA,A,3,32,01,03,04,11,19,17,14,23,31,12,,1.57,0.87,1.31*01
236: $GPGSA,A,3,32,01,03,04,11,19,17,14,23,31,12,,1.57,0.87,1.31*01
237: $GPGSA,A,3,32,01,03,04,11,19,17,14,23,31,12,,1.57,0.87,1.31*01
238: $GPGSA,A,3,32,01,03,04,11,19,17,14,23,31,12,,1.57,0.87,1.31*01
239: $GPGSA,A,3,32,01,03,04,11,19,17,14,23,31,12,,1.57,0.87,1.31*01
240: $GPGSA,A,3,32,01,03,04,11,19,17,14,23,31,12,,1.57,0.87,1.31*01
241: $GPGSA,A,3,32,01,03,04,11,19,17,14,23,31,12,,1.57,0.87,1.31*01
242: $GPGSA,A,3,32,01,03,04,11,19,17,14,23,31,12,,1.57,0.87,1.31*01
243: $GPGSA,A,3,32,01,03,04,11,19,17,14,23,31,12,,1.57,0.87,1.31*01
244: $GPGSA,A,3,32,01,03,04,11,19,17,14,23,31,12,,1.57,0.87,1.31*01
245: $GPGSA,A,3,32,01,03,04,11,19,17,14,23,31,12,,1.57,0.87,1.31*01
246: $GPGSA,A,3,32,01,03,04,11,19,17,14,23,31,12,,1.57,0.87,1.31*01
247: $GPGSA,A,3,32,01,03,04,11,19,17,14,23,31,12,,1.57,0.87,1.31*01
248: $GPGSA,A,3,32,01,03,04,11,19,17,14,23,31,12,,1.57,0.87,1.31*01
249: $GPGSA,A,3,32,01,03,04,11,19,17,14,23,31,12,,1.57,0.87,1.31*01
250: $GPGSA,A,3,32,01,03,04,11,19,17,14,23,31,12,,1.57,0.87,1.31*01
250: $GPGSA,A,3,32,01,03,04,11,19,17,14,23,31,12,,1.57,0.87,1.31*01
251: $GPGSA,A,3,32,01,03,04,11,19,17,14,23,31,12,,1.57,0.87,1.31*01
252: $GPGSA,A,3,32,01,03,04,11,19,17,14,23,31,,,1.74,0.94,1.46*01
253: $GPGSA,A,3,32,01,03,04,11,19,17,14,23,31,12,,1.57,0.87,1.31*01
254: $GPGSA,A,3,32,01,03,04,11,19,17,14,23,31,12,,1.57,0.87,1.31*01
255: $GPGSA,A,3,32,01,03,04,11,19,17,14,23,31,12,,1.57,0.87,1.31*01
256: $GPGSA,A,3,32,01,03,04,11,19,17,14,23,31,12,,1.57,0.87,1.31*01
257: $GPGSA,A,3,32,01,03,04,11,19,17,14,23,31,12,,1.57,0.87,1.31*01
258: $GPGSA,A,3,32,01,03,04,11,19,17,14,23,31,12,,1.57,0.87,1.31*01
259: $GPGSA,A,3,32,01,03,04,11,19,17,14,23,31,12,,1.57,0.87,1.31*01
260: $GPGSA,A,3,32,01,03,04,11,19,17,14,23,31,12,,1.57,0.87,1.31*01
261: $GPGSA,A,3,32,01,03,04,11,19,17,14,23,31,12,,1.57,0.87,1.31*01
262: $GPGSA,A,3,32,01,03,04,11,19,17,14,23,31,12,,1.57,0.87,1.31*01
263: $GPGSA,A,3,32,01,03,04,11,19,17,14,23,31,12,,1.57,0.87,1.31*01
264: $GPGSA,A,3,32,01,03,04,11,19,17,14,23,31,12,,1.57,0.87,1.31*01
264: $GPGSA,A,3,32,01,03,04,11,19,17,14,23,31,12,,1.57,0.87,1.31*01
265: $GPGSA,A,3,32,01,03,04,11,19,17,14,23,31,12,,1.57,0.87,1.31*01
266: $GPGSA,A,3,32,01,03,04,11,19,17,14,23,31,12,,1.57,0.87,1.31*01
267: $GPGSA,A,3,32,01,03,04,11,19,17,14,23,31,12,,1.57,0.87,1.31*01
268: $GPGSA,A,3,32,01,03,04,11,19,17,14,23,31,12,,1.57,0.87,1.31*01
269: $GPGSA,A,3,32,01,03,04,11,19,17,14,23,31,12,,1.57,0.87,1.31*01
270: $GPGSA,A,3,32,01,03,04,11,19,17,14,23,31,12,,1.57,0.87,1.31*01
271: $GPGSA,A,3,32,01,03,04,11,19,17,14,23,31,12,,1.57,0.87,1.31*01
272: $GPGSA,A,3,32,01,03,04,11,19,17,14,23,31,12,,1.57,0.87,1.31*01
273: $GPGSA,A,3,32,01,03,04,11,19,17,14,23,31,12,,1.57,0.87,1.31*01
274: $GPGSA,A,3,32,01,03,04,11,19,17,14,23,31,12,,1.57,0.87,1.31*01
275: $GPGSA,A,3,32,01,03,04,11,19,17,14,23,31,12,,1.57,0.87,1.31*01
276: $GPGSA,A,3,32,01,03,04,11,19,17,14,23,31,12,,1.57,0.87,1.31*01
277: $GPGSA,A,3,32,01,03,04,11,19,17,14,23,31,12,,1.57,0.87,1.31*01
278: $GPGSA,A,3,32,01,03,04,11,19,17,14,23,31,12,,1.57,0.87,1.30*00
279: $GPGSA,A,3,32,01,03,04,11,19,17,14,23,31,12,,1.57,0.87,1.30*00
280: $GPGSA,A,3,32,01,03,04,11,19,17,14,23,31,12,,1.57,0.87,1.30*00
280: $GPGSA,A,3,32,01,03,04,11,19,17,14,23,31,12,,1.57,0.87,1.30*00
281: $GPGSA,A,3,32,01,03,04,11,19,17,14,23,31,12,,1.57,0.87,1.30*00
282: $GPGSA,A,3,32,01,03,04,11,19,17,14,23,31,12,,1.57,0.87,1.30*00
283: $GPGSA,A,3,32,01,03,04,11,19,17,14,23,31,12,,1.57,0.87,1.30*00
284: $GPGSA,A,3,32,01,03,04,11,19,17,14,23,31,12,,1.57,0.87,1.30*00
285: $GPGSA,A,3,32,01,03,04,11,19,17,14,23,31,12,,1.57,0.87,1.30*00
286: $GPGSA,A,3,32,01,03,04,11,19,17,14,23,31,12,,1.57,0.87,1.30*00
287: $GPGSA,A,3,32,01,03,04,11,19,17,14,23,31,12,,1.57,0.87,1.30*00
288: $GPGSA,A,3,32,01,03,04,11,19,17,14,23,31,12,,1.57,0.87,1.30*00
289: $GPGSA,A,3,32,01,03,04,11,19,17,14,23,31,12,,1.57,0.87,1.30*00
290: $GPGSA,A,3,32,01,03,04,11,19,17,14,23,31,12,,1.57,0.87,1.30*00
291: $GPGSA,A,3,32,01,03,04,11,19,17,14,23,31,12,,1.57,0.87,1.30*00
292: $GPGSA,A,3,32,01,03,04,11,19,17,14,23,31,12,,1.57,0.87,1.30*00
293: $GPGSA,A,3,32,01,03,04,11,19,17,14,23,31,12,,1.57,0.87,1.30*00
294: $GPGSA,A,3,32,01,03,04,11,19,17,14,23,31,12,,1.57,0.87,1.30*00
295: $GPGSA,A,3,32,01,03,04,11,19,17,14,23,31,12,,1.57,0.87,1.30*00
296: $GPGSA,A,3,32,01,03,04,11,19,17,14,23,31,12,,1.57,0.87,1.30*00
297: $GPGSA,A,3,32,01,03,04,11,19,17,14,23,31,12,,1.57,0.87,1.30*00
298: $GPGSA,A,3,32,01,03,04,11,19,17,14,23,31,12,,1.57,0.87,1.30*00
298: $GPGSA,A,3,32,01,03,04,11,19,17,14,23,31,12,,1.57,0.87,1.30*00
299: $GPGSA,A,3,32,01,03,04,11,19,17,14,23,31,12,,1.65,0.87,1.40*06
300: $GPGSA,A,3,32,01,03,04,11,19,17,14,23,31,12,,1.65,0.87,1.40*06
301: $GPGSA,A,3,32,01,03,04,11,19,17,14,23,31,12,,1.65,0.87,1.40*06
302: $GPGSA,A,3,32,01,03,04,11,19,17,14,23,31,12,,1.65,0.87,1.40*06
303: $GPGSA,A,3,32,01,03,04,11,19,17,14,23,31,12,,1.65,0.87,1.40*06
304: $GPGSA,A,3,32,01,03,04,19,17,14,23,31,12,,,1.59,0.90,1.31*09
305: $GPGSA,A,3,32,01,03,04,11,19,17,14,23,31,12,,1.59,0.90,1.31*09
306: $GPGSA,A,3,32,01,03,04,11,19,17,14,23,31,12,,1.57,0.87,1.30*00
307: $GPGSA,A,3,32,01,03,04,11,19,17,14,23,31,12,,1.57,0.87,1.30*00
308: $GPGSA,A,3,32,01,03,04,11,19,17,14,23,31,12,,1.57,0.87,1.30*00
309: $GPGSA,A,3,32,01,03,04,11,19,17,14,23,31,12,,1.57,0.87,1.30*00
310: $GPGSA,A,3,32,01,03,04,11,19,17,14,23,31,12,,1.57,0.87,1.30*00
311: $GPGSA,A,3,32,01,03,04,11,19,17,14,23,31,12,,1.57,0.87,1.30*00
312: $GPGSA,A,3,32,01,03,04,11,19,17,14,23,31,12,,1.57,0.87,1.30*00
312: $GPGSA,A,3,32,01,03,04,11,19,17,14,23,31,12,,1.64,0.87,1.39*09
313: $GPGSA,A,3,32,01,03,04,11,19,17,14,23,31,12,,1.57,0.87,1.30*00
314: $GPGSA,A,3,32,01,03,04,11,19,17,14,23,31,12,,1.64,0.87,1.39*09
315: $GPGSA,A,3,32,01,03,04,11,19,17,14,23,31,12,,1.64,0.87,1.39*09
316: $GPGSA,A,3,32,01,03,04,11,19,17,14,23,31,12,,1.64,0.87,1.39*09
317: $GPGSA,A,3,32,01,03,04,11,19,17,14,23,31,12,,1.64,0.87,1.39*09
318: $GPGSA,A,3,32,01,03,04,11,19,17,14,23,31,12,,1.64,0.87,1.39*09
319: $GPGSA,A,3,32,01,03,04,11,19,17,14,23,31,12,,1.64,0.87,1.39*09
320: $GPGSA,A,3,32,01,03,04,11,19,17,14,23,31,12,,1.64,0.87,1.39*09
321: $GPGSA,A,3,32,01,03,04,11,19,17,14,23,31,12,,1.64,0.87,1.39*09
322: $GPGSA,A,3,32,01,03,04,11,19,17,14,23,31,12,,1.64,0.87,1.39*09
323: $GPGSA,A,3,32,01,03,04,11,19,17,14,23,31,12,,1.64,0.87,1.39*09
324: $GPGSA,A,3,32,01,03,04,11,19,17,14,23,31,12,,1.66,0.93,1.37*00
325: $GPGSA,A,3,32,01,03,04,11,19,17,14,23,31,12,,1.57,0.87,1.30*00
326: $GPGSA,A,3,32,01,03,04,11,19,17,14,23,31,12,,1.57,0.87,1.30*00
327: $GPGSA,A,3,32,01,03,04,11,19,17,14,23,31,12,,1.57,0.87,1.30*00
328: $GPGSA,A,3,32,01,03,04,11,19,17,14,23,31,12,,1.57,0.87,1.30*00
328: $GPGSA,A,3,32,01,03,04,11,19,17,14,23,31,12,,1.56,0.87,1.30*01
329: $GPGSA,A,3,32,01,03,04,11,19,17,14,23,31,12,,1.56,0.87,1.30*01
330: $GPGSA,A,3,32,01,03,04,11,19,17,14,23,31,12,,1.56,0.87,1.30*01
331: $GPGSA,A,3,32,01,03,04,11,19,17,14,23,31,12,,1.56,0.87,1.30*01
332: $GPGSA,A,3,32,01,03,04,11,19,17,14,23,31,12,,1.56,0.87,1.30*01
333: $GPGSA,A,3,32,01,03,04,11,19,17,14,23,31,12,,1.56,0.87,1.30*01
334: $GPGSA,A,3,32,01,03,04,11,19,17,14,23,31,12,,1.56,0.87,1.30*01
335: $GPGSA,A,3,32,01,03,04,11,19,17,14,23,31,12,,1.56,0.87,1.30*01
336: $GPGSA,A,3,32,01,03,04,11,19,17,14,23,31,12,,1.56,0.87,1.30*01
337: $GPGSA,A,3,32,01,03,04,11,19,17,14,23,31,12,,1.56,0.87,1.30*01
338: $GPGSA,A,3,32,01,03,04,11,19,17,14,23,31,12,,1.56,0.87,1.30*01
339: $GPGSA,A,3,32,01,03,04,11,19,17,14,23,31,12,,1.56,0.87,1.30*01
340: $GPGSA,A,3,32,01,03,04,11,19,17,14,23,31,12,,1.56,0.87,1.30*01
340: $GPGSA,A,3,32,01,03,04,11,19,17,14,23,31,12,,1.56,0.87,1.30*01
341: $GPGSA,A,3,32,01,03,04,11,19,17,14,23,31,12,,1.56,0.87,1.30*01
342: $GPGSA,A,3,32,01,03,04,11,19,17,14,23,31,12,,1.56,0.87,1.30*01
343: $GPGSA,A,3,32,01,03,04,11,19,17,14,23,31,12,,1.56,0.87,1.30*01
344: $GPGSA,A,3,32,01,03,04,11,19,17,14,23,31,12,,1.56,0.87,1.30*01
345: $GPGSA,A,3,32,01,03,04,11,19,17,14,23,31,12,,1.56,0.87,1.30*01
346: $GPGSA,A,3,32,01,03,04,11,19,17,14,23,31,12,,1.56,0.87,1.30*01
347: $GPGSA,A,3,32,01,03,04,11,19,17,14,23,31,12,,1.56,0.87,1.30*01
348: $GPGSA,A,3,32,01,03,04,11,19,17,14,23,31,12,,1.56,0.87,1.30*01
349: $GPGSA,A,3,32,01,03,04,11,19,17,14,23,31,12,,1.56,0.87,1.30*01
350: $GPGSA,A,3,32,01,03,04,11,19,17,14,23,31,12,,1.56,0.87,1.30*01
351: $GPGSA,A,3,32,01,03,04,11,19,17,14,23,31,12,,1.56,0.87,1.30*01
352: $GPGSA,A,3,32,01,03,04,11,19,17,14,23,31,12,,1.56,0.87,1.30*01
353: $GPGSA,A,3,32,01,03,04,11,19,17,14,23,31,12,,1.56,0.87,1.30*01
353: $GPGSA,A,3,32,01,03,04,11,19,17,14,23,31,12,,1.56,0.87,1.30*01
354: $GPGSA,A,3,32,01,03,04,11,19,17,14,23,31,12,,1.56,0.87,1.30*01
355: $GPGSA,A,3,32,01,03,04,11,19,17,14,23,31,12,,1.56,0.87,1.30*01
356: $GPGSA,A,3,32,01,03,04,11,19,17,14,23,31,12,,1.56,0.87,1.30*01
357: $GPGSA,A,3,32,01,03,04,11,19,17,14,23,31,12,,1.56,0.87,1.30*01
358: $GPGSA,A,3,32,01,03,04,11,19,17,14,23,31,12,,1.56,0.87,1.30*01
359: $GPGSA,A,3,32,01,03,04,11,19,17,14,23,31,12,,1.56,0.87,1.30*01
360: $GPGSA,A,3,32,01,03,04,11,19,17,14,23,31,12,,1.56,0.87,1.30*01
361: $GPGSA,A,3,32,01,03,04,11,19,17,14,23,31,12,,1.56,0.87,1.30*01
362: $GPGSA,A,3,32,01,03,04,11,19,17,14,23,31,12,,1.56,0.87,1.30*01
363: $GPGSA,A,3,32,01,03,04,11,19,17,14,23,31,12,,1.56,0.87,1.30*01
364: $GPGSA,A,3,32,01,03,04,11,19,17,14,23,31,12,,1.56,0.87,1.30*01
365: $GPGSA,A,3,32,01,03,04,11,19,17,14,23,31,12,,1.56,0.87,1.30*01
366: $GPGSA,A,3,32,01,03,04,11,19,17,14,23,31,12,,1.56,0.87,1.30*01
367: $GPGSA,A,3,32,01,03,04,11,19,17,14,23,31,12,,1.56,0.87,1.30*01
368: $GPGSA,A,3,32,01,03,04,11,19,17,14,23,31,12,,1.56,0.87,1.30*01
368: $GPGSA,A,3,32,01,03,04,11,19,17,14,23,31,12,,1.56,0.87,1.30*01
369: $GPGSA,A,3,32,01,03,04,11,19,17,14,23,31,12,,1.56,0.87,1.30*01
370: $GPGSA,A,3,32,01,03,04,11,19,17,14,23,31,12,,1.56,0.87,1.30*01
371: $GPGSA,A,3,32,01,03,04,11,19,17,14,23,31,12,,1.56,0.87,1.30*01
372: $GPGSA,A,3,32,01,03,04,11,19,17,14,23,31,12,,1.56,0.87,1.30*01
373: $GPGSA,A,3,32,01,03,04,11,19,17,14,23,31,12,,1.56,0.87,1.30*01
374: $GPGSA,A,3,32,01,03,04,11,19,17,14,23,31,12,,1.56,0.87,1.30*01
375: $GPGSA,A,3,32,01,03,04,11,19,17,14,23,31,12,,1.56,0.87,1.30*01
376: $GPGSA,A,3,32,01,03,04,11,19,17,14,23,31,12,,1.56,0.87,1.30*01
377: $GPGSA,A,3,32,01,03,04,11,19,17,14,23,31,12,,1.56,0.87,1.30*01
378: $GPGSA,A,3,32,01,03,04,11,19,17,14,23,31,12,,1.56,0.87,1.30*01
379: $GPGSA,A,3,32,01,03,04,11,19,17,14,23,31,12,,1.56,0.87,1.30*01
380: $GPGSA,A,3,32,01,03,04,11,19,17,14,23,31,12,,1.56,0.87,1.30*01
381: $GPGSA,A,3,32,01,03,04,11,19,17,14,23,31,12,,1.56,0.87,1.30*01
382: $GPGSA,A,3,32,01,03,04,11,19,17,14,23,31,12,,1.56,0.87,1.30*01
383: $GPGSA,A,3,32,01,03,04,11,19,17,14,23,31,12,,1.56,0.87,1.30*01
384: $GPGSA,A,3,32,01,03,04,11,19,17,14,23,31,12,,1.56,0.87,1.30*01
385: $GPGSA,A,3,32,01,03,04,11,19,17,14,23,31,12,,1.56,0.87,1.30*01
386: $GPGSA,A,3,32,01,03,04,11,19,17,14,23,31,12,,1.56,0.87,1.30*01
387: $GPGSA,A,3,32,01,03,04,11,19,17,14,23,31,12,,1.56,0.87,1.30*01
387: $GPGSA,A,3,32,01,03,04,11,19,17,14,23,31,12,,1.56,0.87,1.30*01
388: $GPGSA,A,3,32,01,03,04,11,19,17,14,23,31,12,,1.56,0.87,1.30*01
389: $GPGSA,A,3,32,01,03,04,11,19,17,14,23,31,12,,1.56,0.87,1.30*01
390: $GPGSA,A,3,32,01,03,04,11,19,17,14,23,31,12,,1.56,0.87,1.30*01
391: $GPGSA,A,3,32,01,03,04,11,19,17,14,23,31,12,,1.56,0.87,1.30*01
392: $GPGSA,A,3,32,01,03,04,11,19,17,14,23,31,12,,1.56,0.87,1.30*01
393: $GPGSA,A,3,32,01,03,04,11,19,17,14,23,31,12,,1.56,0.87,1.30*01
394: $GPGSA,A,3,32,01,03,04,11,19,17,14,23,31,12,,1.56,0.87,1.30*01
395: $GPGSA,A,3,32,01,03,04,11,19,17,14,23,31,12,,1.56,0.87,1.30*01
396: $GPGSA,A,3,32,01,03,04,11,19,17,14,23,31,12,,1.56,0.87,1.30*01
397: $GPGSA,A,3,32,01,03,04,11,19,17,14,23,31,12,,1.59,0.90,1.31*09
398: $GPGSA,A,3,32,01,03,04,19,17,14,23,31,12,,,1.59,0.90,1.31*09
399: $GPGSA,A,3,32,01,03,04,11,19,17,14,23,31,12,,1.56,0.87,1.29*09
400: $GPGSA,A,3,32,01,03,04,11,19,17,14,23,31,12,,1.56,0.87,1.29*09
400: $GPGSA,A,3,32,01,03,04,11,19,17,14,23,31,12,,1.56,0.87,1.29*09
401: $GPGSA,A,3,32,01,03,04,11,19,17,14,23,31,12,,1.56,0.87,1.29*09
402: $GPGSA,A,3,32,01,03,04,11,19,17,14,23,31,12,,1.56,0.87,1.29*09
403: $GPGSA,A,3,32,01,03,11,19,17,14,23,31,12,,,1.68,0.94,1.39*03
404: $GPGSA,A,3,32,01,03,04,11,19,17,14,23,31,12,,1.61,0.94,1.31*06
405: $GPGSA,A,3,32,01,03,04,11,19,17,14,23,31,12,,1.61,0.94,1.31*06
406: $GPGSA,A,3,32,01,03,04,11,19,17,14,23,31,12,,1.68,0.94,1.39*07
407: $GPGSA,A,3,32,01,03,04,11,19,17,14,23,31,12,,1.68,0.94,1.39*07
408: $GPGSA,A,3,32,01,03,04,11,19,17,14,23,31,,,1.83,0.94,1.57*09
409: $GPGSA,A,3,32,01,03,04,11,19,17,14,23,31,,,1.72,0.94,1.44*05
410: $GPGSA,A,3,32,01,03,04,11,19,17,14,23,31,,,1.72,0.94,1.44*05
411: $GPGSA,A,3,32,01,03,04,11,19,17,14,23,31,,,1.72,0.94,1.44*05
412: $GPGSA,A,3,32,01,03,04,11,19,17,14,23,31,,,1.83,0.94,1.56*08
413: $GPGSA,A,3,32,01,03,04,11,19,17,14,23,31,12,,1.63,0.87,1.38*0F
414: $GPGSA,A,3,32,01,03,04,19,17,14,23,31,12,,,1.59,0.90,1.30*08
415: $GPGSA,A,3,32,01,03,04,11,19,17,14,23,31,12,,1.59,0.90,1.30*08
415: $GPGSA,A,3,32,01,03,04,11,19,17,14,23,31,12,,1.59,0.90,1.30*08
416: $GPGSA,A,3,32,01,03,04,11,19,17,14,23,31,12,,1.56,0.87,1.29*09
417: $GPGSA,A,3,32,01,03,04,11,19,17,14,23,31,12,,1.59,0.90,1.30*08
418: $GPGSA,A,3,32,01,03,04,11,19,17,14,23,31,12,,1.56,0.87,1.29*09
419: $GPGSA,A,3,32,01,03,04,11,19,17,14,23,31,12,,1.56,0.87,1.29*09
420: $GPGSA,A,3,32,01,03,04,11,19,17,14,23,31,12,,1.56,0.87,1.29*09
421: $GPGSA,A,3,32,01,03,04,11,19,17,14,23,31,12,,1.56,0.87,1.29*09
422: $GPGSA,A,3,32,01,03,04,11,19,17,14,23,31,12,,1.56,0.87,1.29*09
423: $GPGSA,A,3,32,01,03,04,11,19,17,14,23,31,12,,1.56,0.87,1.29*09
424: $GPGSA,A,3,32,01,03,04,11,19,17,14,23,31,12,,1.56,0.87,1.29*09
425: $GPGSA,A,3,32,01,03,04,11,19,17,14,23,31,12,,1.56,0.87,1.29*09
426: $GPGSA,A,3,32,01,03,04,11,19,17,14,23,31,12,,1.56,0.87,1.29*09
427: $GPGSA,A,3,32,01,03,04,11,19,17,14,23,31,12,,1.56,0.87,1.29*09
428: $GPGSA,A,3,32,01,03,04,11,19,17,14,23,31,12,,1.56,0.87,1.29*09
429: $GPGSA,A,3,32,01,03,04,11,19,17,14,23,31,12,,1.56,0.87,1.29*09
430: $GPGSA,A,3,32,01,03,04,11,19,17,14,23,31,12,,1.56,0.87,1.29*09
431: $GPGSA,A,3,32,01,03,04,11,19,17,14,23,31,12,,1.56,0.87,1.29*09
432: $GPGSA,A,3,32,01,03,04,11,19,17,14,23,31,12,,1.56,0.87,1.29*09
432: $GPGSA,A,3,32,01,03,04,11,19,17,14,23,31,12,,1.56,0.87,1.29*09
433: $GPGSA,A,3,32,01,03,04,11,19,17,14,23,31,12,,1.56,0.87,1.29*09
434: $GPGSA,A,3,32,01,03,04,11,19,17,14,23,31,12,,1.56,0.87,1.29*09
435: $GPGSA,A,3,32,01,03,04,11,19,17,14,23,31,12,,1.56,0.87,1.29*09
436: $GPGSA,A,3,32,01,03,04,11,19,17,14,23,31,12,,1.56,0.87,1.29*09
437: $GPGSA,A,3,32,01,03,04,11,19,17,14,23,31,12,,1.56,0.87,1.29*09
438: $GPGSA,A,3,32,01,03,04,11,19,17,14,23,31,12,,1.56,0.87,1.29*09
439: $GPGSA,A,3,32,01,03,04,11,19,17,14,23,31,12,,1.56,0.87,1.29*09
440: $GPGSA,A,3,32,01,03,04,11,19,17,14,23,31,12,,1.55,0.87,1.29*0A
441: $GPGSA,A,3,32,01,03,04,11,19,17,14,23,31,12,,1.55,0.87,1.29*0A
442: $GPGSA,A,3,32,01,03,04,11,19,17,14,23,31,12,,1.55,0.87,1.29*0A
443: $GPGSA,A,3,32,01,03,04,11,19,17,14,23,31,12,,1.55,0.87,1.29*0A
444: $GPGSA,A,3,32,01,03,04,11,19,17,14,23,31,12,,1.55,0.87,1.29*0A
445: $GPGSA,A,3,32,01,03,04,11,19,17,14,23,31,12,,1.55,0.87,1.29*0A
445: $GPGSA,A,3,32,01,03,04,11,19,17,14,23,31,12,,1.55,0.87,1.29*0A
446: $GPGSA,A,3,32,01,03,04,11,19,17,14,23,31,12,,1.55,0.87,1.29*0A
447: $GPGSA,A,3,32,01,03,04,11,19,17,14,23,31,12,,1.55,0.87,1.29*0A
448: $GPGSA,A,3,32,01,03,04,11,19,17,14,23,31,12,,1.55,0.87,1.29*0A
449: $GPGSA,A,3,32,01,03,04,11,19,17,14,23,31,12,,1.55,0.87,1.29*0A
450: $GPGSA,A,3,32,01,03,04,11,19,17,14,23,31,12,,1.55,0.87,1.29*0A
451: $GPGSA,A,3,32,01,03,04,11,19,17,14,23,31,12,,1.55,0.87,1.29*0A
452: $GPGSA,A,3,32,01,03,04,11,19,17,14,23,31,12,,1.55,0.87,1.29*0A
453: $GPGSA,A,3,32,01,03,04,11,19,17,14,23,31,12,,1.55,0.87,1.29*0A
454: $GPGSA,A,3,32,01,03,04,11,19,17,14,23,31,12,,1.55,0.87,1.29*0A
455: $GPGSA,A,3,32,01,03,04,11,19,17,14,23,31,12,,1.55,0.87,1.29*0A
456: $GPGSA,A,3,32,01,03,04,11,19,17,14,23,31,12,,1.55,0.87,1.29*0A
457: $GPGSA,A,3,32,01,03,04,11,19,17,14,23,31,12,,1.55,0.87,1.29*0A
458: $GPGSA,A,3,32,01,03,04,11,19,17,14,23,31,12,,1.55,0.87,1.29*0A
459: $GPGSA,A,3,32,01,03,04,11,19,17,14,23,31,12,,1.55,0.87,1.29*0A
460: $GPGSA,A,3,32,01,03,04,11,19,17,14,23,31,12,,1.55,0.87,1.29*0A
460: $GPGSA,A,3,32,01,03,04,11,19,17,14,23,31,12,,1.55,0.87,1.29*0A
461: $GPGSA,A,3,32,01,03,04,11,19,17,14,23,31,12,,1.55,0.87,1.29*0A
462: $GPGSA,A,3,32,01,03,04,11,19,17,14,23,31,12,,1.71,0.94,1.43*02
463: $GPGSA,A,3,32,01,03,04,11,19,17,14,23,31,12,,1.71,0.94,1.43*02
464: $GPGSA,A,3,32,01,03,04,11,19,17,14,23,31,12,,1.71,0.94,1.43*02
465: $GPGSA,A,3,32,01,03,04,11,19,17,14,23,31,12,,1.55,0.87,1.29*0A
466: $GPGSA,A,3,32,01,03,04,11,19,17,14,23,31,12,,1.55,0.87,1.29*0A
467: $GPGSA,A,3,32,01,03,04,11,19,17,14,23,31,12,,1.55,0.87,1.29*0A
468: $GPGSA,A,3,32,01,03,04,11,19,17,14,23,31,12,,1.55,0.87,1.29*0A
469: $GPGSA,A,3,32,01,03,04,11,19,17,14,23,31,12,,1.55,0.87,1.29*0A
470: $GPGSA,A,3,32,01,03,04,11,19,17,14,23,31,12,,1.55,0.87,1.29*0A
471: $GPGSA,A,3,32,01,03,04,11,19,17,14,23,31,12,,1.55,0.87,1.29*0A
472: $GPGSA,A,3,32,01,03,04,11,19,17,14,23,31,12,,1.55,0.87,1.29*0A
472: $GPGSA,A,3,32,01,03,04,11,19,17,14,23,31,12,,1.55,0.87,1.29*0A
473: $GPGSA,A,3,32,01,03,04,11,19,17,14,23,31,12,,1.55,0.87,1.29*0A
474: $GPGSA,A,3,32,01,03,04,11,19,17,14,23,31,12,,1.55,0.87,1.29*0A
475: $GPGSA,A,3,32,01,03,04,11,19,17,14,23,31,12,,1.55,0.87,1.29*0A
476: $GPGSA,A,3,32,01,03,04,11,19,17,14,23,31,12,,1.55,0.87,1.29*0A
477: $GPGSA,A,3,32,01,03,04,11,19,17,14,23,31,12,,1.55,0.87,1.29*0A
478: $GPGSA,A,3,32,01,03,04,11,19,17,14,23,31,12,,1.55,0.87,1.29*0A
479: $GPGSA,A,3,32,01,03,04,11,19,17,14,23,31,12,,1.55,0.87,1.29*0A
480: $GPGSA,A,3,32,01,03,04,11,19,17,14,23,31,12,,1.55,0.87,1.29*0A
481: $GPGSA,A,3,32,01,03,04,11,19,17,14,23,31,12,,1.55,0.87,1.29*0A
482: $GPGSA,A,3,32,01,03,04,11,19,17,14,23,31,12,,1.55,0.87,1.29*0A
483: $GPGSA,A,3,32,01,03,04,11,19,17,14,23,31,12,,1.55,0.87,1.29*0A
484: $GPGSA,A,3,32,01,03,04,11,19,17,14,23,31,12,,1.55,0.87,1.29*0A
485: $GPGSA,A,3,32,01,03,04,11,19,17,14,23,31,12,,1.55,0.87,1.29*0A
486: $GPGSA,A,3,32,01,03,04,11,19,17,14,23,31,12,,1.55,0.87,1.29*0A
486: $GPGSA,A,3,32,01,03,04,11,19,17,14,23,31,12,,1.55,0.87,1.29*0A
487: $GPGSA,A,3,32,01,03,04,11,19,17,14,23,31,12,,1.55,0.87,1.29*0A
488: $GPGSA,A,3,32,01,03,04,11,19,17,14,23,31,12,,1.55,0.87,1.29*0A
489: $GPGSA,A,3,32,01,03,04,11,19,17,14,23,31,12,,1.55,0.87,1.29*0A
490: $GPGSA,A,3,32,01,03,04,11,19,17,14,23,31,12,,1.55,0.87,1.29*0A
491: $GPGSA,A,3,32,01,03,04,11,19,17,14,23,31,12,,1.55,0.87,1.29*0A
492: $GPGSA,A,3,32,01,03,04,11,19,17,14,23,31,12,,1.55,0.87,1.29*0A
493: $GPGSA,A,3,32,01,03,04,11,19,17,14,23,31,12,,1.55,0.87,1.29*0A
494: $GPGSA,A,3,32,01,03,04,11,19,17,14,23,31,12,,1.55,0.87,1.29*0A
495: $GPGSA,A,3,32,01,03,04,11,19,17,14,23,31,12,,1.55,0.87,1.29*0A
496: $GPGSA,A,3,32,01,03,04,11,19,17,14,23,31,12,,1.55,0.87,1.29*0A
497: $GPGSA,A,3,32,01,03,04,11,19,17,14,23,31,12,,1.55,0.87,1.28*0B
498: $GPGSA,A,3,32,01,03,04,11,19,17,14,23,31,12,,1.55,0.87,1.29*0A
499: $GPGSA,A,3,32,01,03,04,11,19,17,14,23,31,12,,1.55,0.86,1.29*0B
500: $GPGSA,A,3,32,01,03,04,11,19,17,14,23,31,12,,1.55,0.86,1.28*0A
501: $GPGSA,A,3,32,01,03,04,11,19,17,14,23,31,12,,1.55,0.86,1.28*0A
501: $GPGSA,A,3,32,01,03,04,11,19,17,14,23,31,12,,1.55,0.86,1.28*0A
502: $GPGSA,A,3,32,01,03,04,11,19,17,14,23,31,12,,1.55,0.86,1.28*0A
503: $GPGSA,A,3,32,01,03,04,11,19,17,14,23,31,12,,1.55,0.86,1.28*0A
504: $GPGSA,A,3,32,01,03,04,11,19,17,14,23,31,12,,1.55,0.86,1.28*0A
505: $GPGSA,A,3,32,01,03,04,11,19,17,14,23,31,12,,1.55,0.86,1.28*0A
506: $GPGSA,A,3,32,01,03,04,11,19,17,14,23,31,12,,1.55,0.86,1.28*0A
507: $GPGSA,A,3,32,01,03,04,11,19,17,14,23,31,12,,1.55,0.86,1.28*0A
508: $GPGSA,A,3,32,01,03,04,11,19,17,14,23,31,12,,1.55,0.86,1.28*0A
509: $GPGSA,A,3,32,01,03,04,11,19,17,14,23,31,12,,1.55,0.86,1.28*0A
510: $GPGSA,A,3,32,01,03,04,11,19,17,14,23,31,,,1.70,0.94,1.42*01
511: $GPGSA,A,3,32,01,03,04,11,19,17,14,23,31,,,1.70,0.94,1.42*01
512: $GPGSA,A,3,32,01,03,04,11,19,17,14,23,31,,,1.70,0.94,1.42*01
513: $GPGSA,A,3,32,01,03,04,11,19,17,14,23,31,,,1.70,0.94,1.42*01
514: $GPGSA,A,3,32,01,03,04,11,19,17,14,23,31,,,1.70,0.94,1.42*01
515: $GPGSA,A,3,32,01,03,04,11,19,17,14,23,31,,,1.70,0.94,1.42*01
516: $GPGSA,A,3,32,01,03,04,11,19,17,14,23,31,,,1.70,0.94,1.42*01
516: $GPGSA,A,3,32,01,03,04,11,19,17,14,23,31,,,1.70,0.94,1.42*01
517: $GPGSA,A,3,32,01,03,04,11,19,17,14,23,31,,,1.70,0.94,1.42*01
518: $GPGSA,A,3,32,01,03,04,11,19,17,14,23,31,,,1.70,0.94,1.42*01
519: $GPGSA,A,3,32,01,03,04,11,19,17,14,23,31,,,1.70,0.94,1.42*01
520: $GPGSA,A,3,32,01,03,04,11,19,17,14,23,31,,,1.70,0.94,1.42*01
521: $GPGSA,A,3,32,01,03,04,11,19,17,14,23,31,,,1.70,0.94,1.42*01
522: $GPGSA,A,3,32,01,03,04,11,19,17,14,23,31,,,1.70,0.94,1.42*01
523: $GPGSA,A,3,01,03,04,11,19,17,14,23,31,,,,1.88,0.95,1.62*04
524: $GPGSA,A,3,01,03,04,11,19,17,14,23,31,,,,1.88,0.95,1.62*04
525: $GPGSA,A,3,01,03,04,11,17,14,23,31,,,,,2.20,1.03,1.95*0B
526: $GPGSA,A,3,01,03,04,11,17,14,23,31,12,,,,2.20,1.03,1.94*09
527: $GPGSA,A,3,01,03,04,11,17,14,23,31,12,,,,2.20,1.03,1.94*09
528: $GPGSA,A,3,01,03,04,11,19,17,14,23,31,12,,,1.88,0.95,1.62*07
529: $GPGSA,A,3,01,03,04,11,19,17,14,23,31,12,,,1.88,0.95,1.62*07
530: $GPGSA,A,3,01,03,04,11,19,17,14,23,31,12,,,1.73,0.89,1.48*06
531: $GPGSA,A,3,01,03,04,11,19,17,14,23,31,12,,,1.73,0.89,1.48*06
531: $GPGSA,A,3,01,03,04,11,19,17,14,23,31,12,,,1.72,0.89,1.48*07
532: $GPGSA,A,3,01,03,04,11,19,17,14,23,31,12,,,1.72,0.89,1.48*07
533: $GPGSA,A,3,32,01,03,04,11,19,17,14,23,31,12,,1.72,0.89,1.48*06
534: $GPGSA,A,3,32,01,03,04,11,19,17,14,23,31,12,,1.72,0.89,1.48*06
535: $GPGSA,A,3,32,01,03,04,11,19,17,14,23,31,12,,1.72,0.89,1.48*06
536: $GPGSA,A,3,32,01,03,04,11,19,17,14,23,31,12,,1.55,0.86,1.28*0A
537: $GPGSA,A,3,32,01,03,04,11,19,17,14,23,31,12,,1.55,0.86,1.28*0A
538: $GPGSA,A,3,32,01,03,04,11,19,17,14,23,31,12,,1.55,0.86,1.28*0A
539: $GPGSA,A,3,32,01,03,04,11,19,17,14,23,31,12,,1.54,0.86,1.28*0B
540: $GPGSA,A,3,32,01,03,04,11,19,17,14,23,31,12,,1.54,0.86,1.28*0B
541: $GPGSA,A,3,32,01,03,04,11,19,17,14,23,31,12,,1.54,0.86,1.28*0B
542: $GPGSA,A,3,32,01,03,04,11,19,17,14,23,31,12,,1.54,0.86,1.28*0B
543: $GPGSA,A,3,32,01,03,04,11,19,17,14,23,31,12,,1.54,0.86,1.28*0B
544: $GPGSA,A,3,32,01,03,04,11,19,17,14,23,31,12,,1.54,0.86,1.28*0B
545: $GPGSA,A,3,32,01,03,04,11,19,17,14,23,31,,,1.70,0.94,1.42*01
546: $GPGSA,A,3,32,01,03,04,11,19,17,14,23,31,,,1.70,0.94,1.42*01
547: $GPGSA,A,3,32,01,03,04,11,19,17,14,23,31,,,1.70,0.94,1.41*02
548: $GPGSA,A,3,32,01,03,04,11,19,17,14,23,31,,,1.70,0.94,1.41*02
548: $GPGSA,A,3,32,01,03,04,11,19,17,14,23,31,,,1.70,0.94,1.41*02
549: $GPGSA,A,3,32,01,03,04,11,19,17,14,23,31,,,1.70,0.94,1.41*02
550: $GPGSA,A,3,32,01,03,04,11,19,17,14,23,31,,,1.70,0.94,1.41*02
551: $GPGSA,A,3,32,01,03,04,11,19,17,14,23,31,12,,1.70,0.94,1.41*01
552: $GPGSA,A,3,32,01,03,04,11,19,17,14,23,31,12,,1.70,0.94,1.41*01
553: $GPGSA,A,3,32,01,03,04,11,19,17,14,23,31,12,,1.70,0.94,1.41*01
554: $GPGSA,A,3,32,01,03,04,11,19,17,14,23,31,12,,1.70,0.94,1.41*01
555: $GPGSA,A,3,32,01,03,04,11,19,17,14,23,31,12,,1.70,0.94,1.41*01
556: $GPGSA,A,3,32,01,03,04,11,19,17,14,23,31,12,,1.70,0.94,1.41*01
557: $GPGSA,A,3,32,01,03,04,11,19,17,14,23,31,12,,1.70,0.94,1.41*01
558: $GPGSA,A,3,32,01,03,04,11,19,17,14,23,31,12,,1.54,0.86,1.28*0B
559: $GPGSA,A,3,32,01,03,04,11,19,17,14,23,31,12,,1.54,0.86,1.28*0B
560: $GPGSA,A,3,32,01,03,04,11,19,17,14,23,31,12,,1.54,0.86,1.28*0B
561: $GPGSA,A,3,32,01,03,04,11,19,17,14,23,31,12,,1.54,0.86,1.28*0B
562: $GPGSA,A,3,32,01,03,04,11,19,17,14,23,31,12,,1.54,0.86,1.28*0B
563: $GPGSA,A,3,32,01,03,04,11,19,17,14,23,31,12,,1.54,0.86,1.28*0B
