1: $GPGSA,A,3,32,01,03,04,11,19,17,14,23,31,,,1.78,0.94,1.51*0B
2: $GPGSA,A,3,32,01,03,04,11,19,17,14,23,31,,,1.78,0.94,1.51*0B
3: $GPGSA,A,3,32,01,03,04,11,19,17,14,23,31,,,1.78,0.94,1.51*0B
4: $GPGSA,A,3,32,01,03,04,11,19,17,14,23,31,,,1.78,0.94,1.51*0B
4: $GPGSA,A,3,32,01,03,04,11,19,17,14,23,31,,,1.78,0.94,1.51*0B
5: $GPGSA,A,3,32,01,03,04,11,19,17,14,23,31,,,1.78,0.94,1.51*0B
6: $GPGSA,A,3,32,01,03,04,11,19,17,14,23,31,,,1.78,0.94,1.51*0B
7: $GPGSA,A,3,32,01,03,04,11,19,17,14,23,31,,,1.78,0.94,1.51*0B
8: $GPGSA,A,3,32,01,03,04,11,19,17,14,23,31,,,1.78,0.94,1.51*0B
9: $GPGSA,A,3,32,01,03,04,11,19,17,14,23,31,,,1.78,0.94,1.51*0B
10: $GPGSA,A,3,32,01,03,04,11,19,17,14,23,31,,,1.78,0.94,1.51*0B
11: $GPGSA,A,3,32,01,03,04,11,19,17,14,23,31,,,1.78,0.94,1.51*0B
12: $GPGSA,A,3,32,01,03,04,11,19,17,14,23,31,,,1.78,0.94,1.51*0B
13: $GPGSA,A,3,32,01,03,04,11,19,17,14,23,31,,,1.78,0.94,1.51*0B
14: $GPGSA,A,3,32,01,03,04,11,19,17,14,23,31,,,1.78,0.94,1.51*0B
15: $GPGSA,A,3,32,01,03,04,11,19,17,14,23,31,,,1.78,0.94,1.51*0B
16: $GPGSA,A,3,32,01,03,04,11,19,17,14,23,31,,,1.78,0.94,1.51*0B
17: $GPGSA,A,3,32,01,03,04,11,19,17,14,23,31,,,1.78,0.94,1.51*0B
18: $GPGSA,A,3,32,01,03,04,11,19,17,14,23,31,,,1.78,0.94,1.51*0B
19: $GPGSA,A,3,32,01,03,04,11,19,17,14,23,31,,,1.78,0.94,1.51*0B
20: $GPGSA,A,3,32,01,03,04,11,19,17,14,23,31,,,1.78,0.94,1.51*0B
21: $GPGSA,A,3,32,01,03,04,11,19,17,14,23,31,,,1.78,0.94,1.51*0B
21: $GPGSA,A,3,32,01,03,04,11,19,17,14,23,31,,,1.78,0.94,1.51*0B
22: $GPGSA,A,3,32,01,03,04,11,19,17,14,23,31,,,1.78,0.94,1.51*0B
23: $GPGSA,A,3,32,01,03,04,11,19,17,14,23,31,,,1.78,0.94,1.51*0B
24: $GPGSA,A,3,32,01,03,04,11,19,17,14,23,31,,,1.78,0.94,1.51*0B
25: $GPGSA,A,3,32,01,03,04,11,19,17,14,23,31,,,1.78,0.94,1.51*0B
26: $GPGSA,A,3,32,01,03,04,11,19,17,14,23,31,,,1.78,0.94,1.51*0B
27: $GPGSA,A,3,32,01,03,04,11,19,17,14,23,31,,,1.78,0.94,1.51*0B
28: $GPGSA,A,3,32,01,03,04,11,19,17,14,23,31,,,1.78,0.94,1.51*0B
29: $GPGSA,A,3,32,01,03,04,11,19,17,14,23,31,,,1.78,0.94,1.51*0B
30: $GPGSA,A,3,32,01,03,04,11,19,17,14,23,31,,,1.78,0.94,1.51*0B
31: $GPGSA,A,3,32,01,03,04,11,19,17,14,23,31,,,1.78,0.94,1.51*0B
32: $GPGSA,A,3,32,01,03,04,11,19,17,14,23,31,,,1.78,0.94,1.51*0B
33: $GPGSA,A,3,32,01,03,04,11,19,17,14,23,31,,,1.78,0.94,1.51*0B
34: $GPGSA,A,3,32,01,03,04,11,19,17,14,23,31,,,1.78,0.94,1.51*0B
35: $GPGSA,A,3,32,01,03,04,11,19,17,14,23,31,,,1.78,0.94,1.51*0B
35: $GPGSA,A,3,32,01,03,04,11,19,17,14,23,31,,,1.78,0.94,1.51*0B
36: $GPGSA,A,3,32,01,03,04,11,19,17,14,23,31,,,1.78,0.94,1.51*0B
37: $GPGSA,A,3,32,01,03,04,11,19,17,14,23,31,,,1.78,0.94,1.51*0B
38: $GPGSA,A,3,32,01,03,04,11,19,17,14,23,31,,,1.78,0.94,1.51*0B
39: $GPGSA,A,3,32,01,03,04,11,19,17,14,23,31,,,1.78,0.94,1.51*0B
40: $GPGSA,A,3,32,01,03,04,11,19,17,14,23,31,,,1.78,0.94,1.51*0B
41: $GPGSA,A,3,32,01,03,04,11,19,17,14,23,31,,,1.78,0.94,1.51*0B
42: $GPGSA,A,3,32,01,03,04,11,19,17,14,23,31,,,1.78,0.94,1.51*0B
43: $GPGSA,A,3,32,01,03,04,11,19,17,14,23,31,,,1.78,0.94,1.51*0B
44: $GPGSA,A,3,32,01,03,04,11,19,17,14,23,31,,,1.78,0.94,1.51*0B
45: $GPGSA,A,3,32,01,03,04,11,19,17,14,23,31,,,1.78,0.94,1.51*0B
46: $GPGSA,A,3,32,01,03,04,11,19,17,14,23,31,,,1.78,0.94,1.51*0B
47: $GPGSA,A,3,32,01,03,04,11,19,17,14,23,31,,,1.78,0.94,1.51*0B
48: $GPGSA,A,3,32,01,03,04,11,19,17,14,23,31,,,1.78,0.94,1.51*0B
49: $GPGSA,A,3,32,01,03,04,11,19,17,14,23,31,,,1.78,0.94,1.51*0B
50: $GPGSA,A,3,32,01,03,04,11,19,17,14,23,31,,,1.78,0.94,1.51*0B
51: $GPGSA,A,3,32,01,03,04,11,19,17,14,23,31,,,1.78,0.94,1.51*0B
52: $GPGSA,A,3,32,01,03,04,11,19,17,14,23,31,,,1.78,0.94,1.51*0B
53: $GPGSA,A,3,32,01,03,04,11,19,17,14,23,31,,,1.78,0.94,1.51*0B
54: $GPGSA,A,3,32,01,03,04,11,19,17,14,23,31,,,1.78,0.94,1.51*0B
54: $GPGSA,A,3,32,01,03,04,11,19,17,14,23,31,,,1.78,0.94,1.51*0B
55: $GPGSA,A,3,32,01,03,04,11,19,17,14,23,31,,,1.78,0.94,1.51*0B
56: $GPGSA,A,3,32,01,03,04,11,19,17,14,23,31,,,1.78,0.94,1.51*0B
57: $GPGSA,A,3,32,01,03,04,11,19,17,14,23,31,,,1.78,0.94,1.51*0B
58: $GPGSA,A,3,32,01,03,04,11,19,17,14,23,31,,,1.78,0.94,1.51*0B
59: $GPGSA,A,3,32,01,03,04,11,19,17,14,23,31,,,1.78,0.94,1.51*0B
60: $GPGSA,A,3,32,01,03,04,11,19,17,14,23,31,,,1.78,0.94,1.51*0B
61: $GPGSA,A,3,32,01,03,04,11,19,17,14,23,31,,,1.78,0.94,1.51*0B
62: $GPGSA,A,3,32,01,03,04,11,19,17,14,23,31,,,1.78,0.94,1.51*0B
63: $GPGSA,A,3,32,01,03,04,11,19,17,14,23,31,,,1.78,0.94,1.51*0B
64: $GPGSA,A,3,32,01,03,04,11,19,17,14,23,31,,,1.78,0.94,1.51*0B
65: $GPGSA,A,3,32,01,03,04,11,19,17,14,23,31,,,1.78,0.94,1.51*0B
66: $GPGSA,A,3,32,01,03,04,11,19,17,14,23,31,,,1.78,0.94,1.51*0B
67: $GPGSA,A,3,32,01,03,04,11,19,17,14,23,31,,,1.78,0.94,1.51*0B
68: $GPGSA,A,3,32,01,03,04,11,19,17,14,23,31,,,1.78,0.94,1.51*0B
69: $GPGSA,A,3,32,01,03,04,11,19,17,14,23,31,,,1.78,0.94,1.51*0B
70: $GPGSA,A,3,32,01,03,04,11,19,17,14,23,31,,,1.78,0.94,1.51*0B
71: $GPGSA,A,3,32,01,03,04,11,19,17,14,23,31,,,1.78,0.94,1.51*0B
71: $GPGSA,A,3,32,01,03,04,11,19,17,14,23,31,,,1.78,0.94,1.51*0B
72: $GPGSA,A,3,32,01,03,04,11,19,17,14,23,31,,,1.78,0.94,1.51*0B
73: $GPGSA,A,3,32,01,03,04,11,19,17,14,23,31,,,1.78,0.94,1.51*0B
74: $GPGSA,A,3,32,01,03,04,11,19,17,14,23,31,,,1.78,0.94,1.51*0B
75: $GPGSA,A,3,32,01,03,04,11,19,17,14,23,31,,,1.78,0.94,1.51*0B
76: $GPGSA,A,3,32,01,03,04,11,19,17,14,23,31,,,1.78,0.94,1.51*0B
77: $GPGSA,A,3,32,01,03,04,11,19,17,14,23,31,,,1.78,0.94,1.51*0B
78: $GPGSA,A,3,32,01,03,04,11,19,17,14,23,31,,,1.78,0.94,1.51*0B
79: $GPGSA,A,3,32,01,03,04,11,19,17,14,23,31,,,1.78,0.94,1.51*0B
80: $GPGSA,A,3,32,01,03,04,11,19,17,14,23,31,,,1.78,0.94,1.51*0B
81: $GPGSA,A,3,32,01,03,04,11,19,17,14,23,31,,,1.78,0.94,1.51*0B
82: $GPGSA,A,3,32,01,03,04,11,19,17,14,23,31,,,1.78,0.94,1.51*0B
83: $GPGSA,A,3,32,01,03,04,11,19,17,14,23,31,,,1.78,0.94,1.51*0B
84: $GPGSA,A,3,32,01,03,04,11,19,17,14,23,31,,,1.78,0.94,1.51*0B
85: $GPGSA,A,3,32,01,03,04,11,19,17,14,23,31,,,1.78,0.94,1.51*0B
86: $GPGSA,A,3,32,01,03,04,11,19,17,14,23,31,,,1.78,0.94,1.51*0B
86: $GPGSA,A,3,32,01,03,04,11,19,17,14,23,31,,,1.78,0.94,1.51*0B
87: $GPGSA,A,3,32,01,03,04,11,19,17,14,23,31,,,1.78,0.94,1.51*0B
88: $GPGSA,A,3,32,01,03,04,11,19,17,14,23,31,,,1.78,0.94,1.51*0B
89: $GPGSA,A,3,32,01,03,04,11,19,17,14,23,31,,,1.78,0.94,1.51*0B
90: $GPGSA,A,3,32,01,03,04,11,19,17,14,23,31,,,1.78,0.94,1.51*0B
91: $GPGSA,A,3,32,01,03,04,11,19,17,14,23,31,,,1.78,0.94,1.51*0B
92: $GPGSA,A,3,32,01,03,04,11,19,17,14,23,31,,,1.78,0.94,1.51*0B
93: $GPGSA,A,3,32,01,03,04,11,19,17,14,23,31,,,1.78,0.94,1.51*0B
94: $GPGSA,A,3,32,01,03,04,11,19,17,14,23,31,,,1.78,0.94,1.51*0B
95: $GPGSA,A,3,32,01,03,04,11,19,17,14,23,31,,,1.78,0.94,1.51*0B
96: $GPGSA,A,3,32,01,03,04,11,19,17,14,23,31,,,1.78,0.94,1.51*0B
97: $GPGSA,A,3,32,01,03,04,11,19,17,14,23,31,,,1.78,0.94,1.51*0B
98: $GPGSA,A,3,32,01,03,04,11,19,17,14,23,31,,,1.78,0.94,1.51*0B
99: $GPGSA,A,3,32,01,03,04,11,19,17,14,23,31,,,1.78,0.94,1.51*0B
100: $GPGSA,A,3,32,01,03,04,11,19,17,14,23,31,,,1.78,0.94,1.51*0B
101: $GPGSA,A,3,32,01,03,04,11,19,17,14,23,31,,,1.78,0.94,1.51*0B
101: $GPGSA,A,3,32,01,03,04,11,19,17,14,23,31,,,1.78,0.94,1.51*0B
102: $GPGSA,A,3,32,01,03,04,11,19,17,14,23,31,,,1.78,0.94,1.51*0B
103: $GPGSA,A,3,32,01,03,04,11,19,17,14,23,31,,,1.78,0.94,1.51*0B
104: $GPGSA,A,3,32,01,03,04,11,19,17,14,23,31,,,1.78,0.94,1.51*0B
105: $GPGSA,A,3,32,01,03,04,11,19,17,14,23,31,,,1.78,0.94,1.51*0B
106: $GPGSA,A,3,32,01,03,04,11,19,17,14,23,31,,,1.78,0.94,1.51*0B
107: $GPGSA,A,3,32,01,03,04,11,19,17,14,23,31,,,1.78,0.94,1.51*0B
108: $GPGSA,A,3,32,01,03,04,11,19,17,14,23,31,,,1.78,0.94,1.51*0B
109: $GPGSA,A,3,32,01,03,04,11,19,17,14,23,31,,,1.78,0.94,1.51*0B
110: $GPGSA,A,3,32,01,03,04,11,19,17,14,23,31,,,1.78,0.94,1.51*0B
111: $GPGSA,A,3,32,01,03,04,11,19,17,14,23,31,,,1.78,0.94,1.51*0B
112: $GPGSA,A,3,32,01,03,04,11,19,17,14,23,31,,,1.78,0.94,1.51*0B
113: $GPGSA,A,3,32,01,03,04,11,19,17,14,23,31,,,1.78,0.94,1.51*0B
114: $GPGSA,A,3,32,01,03,04,11,19,17,14,23,31,,,1.78,0.94,1.51*0B
114: $GPGSA,A,3,32,01,03,04,11,19,17,14,23,31,,,1.78,0.94,1.51*0B
115: $GPGSA,A,3,32,01,03,04,11,19,17,14,23,31,,,1.78,0.94,1.51*0B
116: $GPGSA,A,3,32,01,03,04,11,19,17,14,23,31,,,1.78,0.94,1.51*0B
117: $GPGSA,A,3,32,01,03,04,11,19,17,14,23,31,,,1.78,0.94,1.51*0B
118: $GPGSA,A,3,32,01,03,04,11,19,17,14,23,31,,,1.78,0.94,1.51*0B
119: $GPGSA,A,3,32,01,03,04,11,19,17,14,23,31,,,1.78,0.94,1.51*0B
120: $GPGSA,A,3,32,01,03,04,11,19,17,14,23,31,,,1.78,0.94,1.51*0B
121: $GPGSA,A,3,32,01,03,04,11,19,17,14,23,31,,,1.78,0.94,1.51*0B
122: $GPGSA,A,3,32,01,03,04,11,19,17,14,23,31,,,1.78,0.94,1.51*0B
123: $GPGSA,A,3,32,01,03,04,11,19,17,14,23,31,,,1.78,0.94,1.51*0B
124: $GPGSA,A,3,32,01,03,04,11,19,17,14,23,31,,,1.78,0.94,1.51*0B
125: $GPGSA,A,3,32,01,03,04,11,19,17,14,23,31,,,1.78,0.94,1.51*0B
126: $GPGSA,A,3,32,01,03,04,11,19,17,14,23,31,,,1.78,0.94,1.51*0B
127: $GPGSA,A,3,32,01,03,04,11,19,17,14,23,31,,,1.78,0.94,1.51*0B
128: $GPGSA,A,3,32,01,03,04,11,19,17,14,23,31,,,1.78,0.94,1.51*0B
129: $GPGSA,A,3,32,01,03,04,11,19,17,14,23,31,,,1.78,0.94,1.51*0B
130: $GPGSA,A,3,32,01,03,04,11,19,17,14,23,31,,,1.78,0.94,1.51*0B
131: $GPGSA,A,3,32,01,03,04,11,19,17,14,23,31,,,1.78,0.94,1.51*0B
132: $GPGSA,A,3,32,01,03,04,11,19,17,14,23,31,,,1.78,0.94,1.51*0B
132: $GPGSA,A,3,32,01,03,04,11,19,17,14,23,31,,,1.78,0.94,1.51*0B
133: $GPGSA,A,3,32,01,03,04,11,19,17,14,23,31,,,1.78,0.94,1.51*0B
134: $GPGSA,A,3,32,01,03,04,11,19,17,14,23,,,,1.86,1.04,1.54*05
135: $GPGSA,A,3,32,01,03,04,11,19,17,14,23,31,,,1.86,1.04,1.54*07
136: $GPGSA,A,3,32,01,03,04,11,19,17,14,23,31,,,1.78,0.94,1.51*0B
137: $GPGSA,A,3,32,01,03,04,11,19,17,14,23,31,,,1.90,0.99,1.62*00
138: $GPGSA,A,3,32,01,03,04,11,17,14,23,31,,,,1.90,0.99,1.62*08
139: $GPGSA,A,3,32,01,03,04,11,19,17,14,23,31,,,1.78,0.94,1.51*0B
140: $GPGSA,A,3,32,01,03,04,11,19,17,14,23,31,,,1.78,0.94,1.51*0B
141: $GPGSA,A,3,32,01,03,04,11,19,17,14,23,31,,,1.78,0.94,1.51*0B
142: $GPGSA,A,3,32,01,03,04,11,19,17,14,23,31,,,1.78,0.94,1.51*0B
143: $GPGSA,A,3,32,01,03,04,11,19,17,14,23,31,,,1.78,0.94,1.51*0B
144: $GPGSA,A,3,32,01,03,04,11,19,17,14,23,31,,,1.78,0.94,1.51*0B
145: $GPGSA,A,3,32,01,03,04,11,19,17,14,23,31,,,1.78,0.94,1.51*0B
146: $GPGSA,A,3,32,01,03,04,11,19,17,14,23,31,,,1.78,0.94,1.51*0B
147: $GPGSA,A,3,32,01,03,04,11,19,17,14,23,31,,,1.78,0.94,1.51*0B
148: $GPGSA,A,3,32,01,03,04,11,19,17,14,23,31,,,1.78,0.94,1.51*0B
149: $GPGSA,A,3,32,01,03,04,11,19,17,14,23,31,,,1.78,0.94,1.51*0B
150: $GPGSA,A,3,32,01,03,04,11,19,17,14,23,31,,,1.78,0.94,1.51*0B
150: $GPGSA,A,3,32,01,03,04,11,19,17,14,23,31,,,1.78,0.94,1.51*0B
151: $GPGSA,A,3,32,01,03,04,11,19,17,14,23,31,,,1.78,0.94,1.51*0B
152: $GPGSA,A,3,32,01,03,04,11,19,17,14,23,31,,,1.78,0.94,1.51*0B
153: $GPGSA,A,3,32,01,03,04,11,19,17,14,23,31,,,1.78,0.94,1.51*0B
154: $GPGSA,A,3,32,01,03,04,11,19,17,14,23,31,,,1.78,0.94,1.51*0B
155: $GPGSA,A,3,32,01,03,04,11,19,17,14,23,31,,,1.78,0.94,1.51*0B
156: $GPGSA,A,3,32,01,03,04,11,19,17,14,23,31,,,1.78,0.94,1.51*0B
157: $GPGSA,A,3,32,01,03,04,11,19,17,14,23,31,,,1.78,0.94,1.51*0B
158: $GPGSA,A,3,32,01,03,04,11,19,17,14,23,31,,,1.78,0.94,1.51*0B
159: $GPGSA,A,3,32,01,03,04,11,19,17,14,23,31,,,1.78,0.94,1.51*0B
160: $GPGSA,A,3,32,01,03,04,11,19,17,14,23,31,,,1.78,0.94,1.51*0B
161: $GPGSA,A,3,32,01,03,04,11,19,17,14,23,31,,,1.78,0.94,1.51*0B
162: $GPGSA,A,3,32,01,03,04,11,19,17,14,23,31,,,1.78,0.94,1.51*0B
163: $GPGSA,A,3,32,01,03,04,11,19,17,14,23,31,,,1.78,0.94,1.51*0B
164: $GPGSA,A,3,32,01,03,04,11,19,17,14,23,31,,,1.78,0.94,1.51*0B
165: $GPGSA,A,3,32,01,03,04,11,19,17,14,23,31,,,1.78,0.94,1.51*0B
166: $GPGSA,A,3,32,01,03,04,11,19,17,14,23,31,,,1.78,0.94,1.51*0B
167: $GPGSA,A,3,32,01,03,04,11,19,17,14,23,31,,,1.78,0.94,1.51*0B
168: $GPGSA,A,3,32,01,03,04,11,19,17,14,23,31,,,1.78,0.94,1.51*0B
169: $GPGSA,A,3,32,01,03,04,11,19,17,14,23,31,,,1.78,0.94,1.51*0B
170: $GPGSA,A,3,32,01,03,04,11,19,17,14,23,31,,,1.78,0.94,1.51*0B
170: $GPGSA,A,3,32,01,03,04,11,19,17,14,23,31,,,1.78,0.94,1.51*0B
171: $GPGSA,A,3,32,01,03,04,11,19,17,14,23,31,,,1.78,0.94,1.51*0B
172: $GPGSA,A,3,32,01,03,04,11,19,17,14,23,31,,,1.78,0.94,1.51*0B
173: $GPGSA,A,3,32,01,03,04,11,19,17,14,23,31,,,1.78,0.94,1.51*0B
174: $GPGSA,A,3,32,01,03,04,11,19,17,14,23,31,,,1.78,0.94,1.51*0B
175: $GPGSA,A,3,32,01,03,04,11,19,17,14,23,31,,,1.78,0.94,1.51*0B
176: $GPGSA,A,3,32,01,03,04,11,19,17,14,23,31,,,1.78,0.94,1.51*0B
177: $GPGSA,A,3,32,01,03,04,11,19,17,14,23,31,,,1.78,0.94,1.51*0B
178: $GPGSA,A,3,32,01,03,04,11,19,17,14,23,31,,,1.78,0.94,1.51*0B
179: $GPGSA,A,3,32,01,03,04,11,19,17,14,23,31,,,1.78,0.94,1.51*0B
180: $GPGSA,A,3,32,01,03,04,11,19,17,14,23,31,,,1.78,0.94,1.51*0B
181: $GPGSA,A,3,32,01,03,04,11,19,17,14,23,31,,,1.78,0.94,1.51*0B
182: $GPGSA,A,3,32,01,03,04,11,19,17,14,23,31,,,1.90,0.99,1.63*01
183: $GPGSA,A,3,32,01,03,04,11,19,17,14,23,31,,,1.78,0.94,1.51*0B
184: $GPGSA,A,3,32,01,03,04,11,19,17,14,23,31,,,1.78,0.94,1.51*0B
185: $GPGSA,A,3,32,01,03,04,11,19,17,14,23,31,,,1.78,0.94,1.51*0B
186: $GPGSA,A,3,32,01,03,04,11,19,17,14,23,31,,,1.78,0.94,1.51*0B
186: $GPGSA,A,3,32,01,03,04,11,19,17,14,23,31,,,1.78,0.94,1.51*0B
187: $GPGSA,A,3,32,01,03,04,11,19,17,14,23,31,,,1.78,0.94,1.51*0B
188: $GPGSA,A,3,32,01,03,04,11,19,17,14,23,31,,,1.78,0.94,1.51*0B
189: $GPGSA,A,3,32,01,03,04,11,19,17,14,23,31,,,1.78,0.94,1.51*0B
190: $GPGSA,A,3,32,01,03,04,11,19,17,14,23,31,,,1.78,0.94,1.51*0B
191: $GPGSA,A,3,32,01,03,04,11,19,17,14,23,31,,,1.78,0.94,1.51*0B
192: $GPGSA,A,3,32,01,03,04,11,19,17,14,23,31,,,1.78,0.94,1.51*0B
193: $GPGSA,A,3,32,01,03,04,11,19,17,14,23,31,,,1.78,0.94,1.51*0B
194: $GPGSA,A,3,32,01,03,04,11,19,17,14,23,31,,,1.78,0.94,1.51*0B
195: $GPGSA,A,3,32,01,03,04,11,19,17,14,23,31,,,1.78,0.94,1.51*0B
196: $GPGSA,A,3,32,01,03,04,11,19,17,14,23,31,,,1.78,0.94,1.51*0B
197: $GPGSA,A,3,32,01,03,04,11,19,17,14,23,31,,,1.78,0.94,1.51*0B
198: $GPGSA,A,3,32,01,03,04,11,19,17,14,23,31,,,1.78,0.94,1.51*0B
199: $GPGSA,A,3,32,01,03,04,11,19,17,14,23,31,,,1.78,0.94,1.51*0B
200: $GPGSA,A,3,32,01,03,04,11,19,17,14,23,31,,,1.78,0.94,1.51*0B
201: $GPGSA,A,3,32,01,03,04,11,19,17,14,23,31,,,1.78,0.94,1.51*0B
202: $GPGSA,A,3,32,01,03,04,11,19,17,14,23,31,,,1.78,0.94,1.51*0B
203: $GPGSA,A,3,32,01,03,04,11,19,17,14,23,31,,,1.78,0.94,1.51*0B
204: $GPGSA,A,3,32,01,03,04,11,19,17,14,23,31,,,1.78,0.94,1.51*0B
205: $GPGSA,A,3,32,01,03,04,11,19,17,14,23,31,,,1.78,0.94,1.51*0B
205: $GPGSA,A,3,32,01,03,04,11,19,17,14,23,31,,,1.78,0.94,1.51*0B
206: $GPGSA,A,3,32,01,03,04,11,19,17,14,23,31,,,1.78,0.94,1.51*0B
207: $GPGSA,A,3,32,01,03,04,11,19,17,14,23,31,,,1.78,0.94,1.51*0B
208: $GPGSA,A,3,32,01,03,04,11,19,17,14,23,31,,,1.78,0.94,1.51*0B
209: $GPGSA,A,3,32,01,03,04,11,19,17,14,23,31,,,1.78,0.94,1.51*0B
210: $GPGSA,A,3,32,01,03,04,11,19,17,14,23,31,,,1.78,0.94,1.51*0B
211: $GPGSA,A,3,32,01,03,04,11,19,17,14,23,31,,,1.78,0.94,1.51*0B
212: $GPGSA,A,3,32,01,03,04,11,19,17,14,23,31,,,1.78,0.94,1.51*0B
213: $GPGSA,A,3,32,01,03,04,11,19,17,14,23,31,,,1.78,0.94,1.51*0B
214: $GPGSA,A,3,32,01,03,04,11,19,17,14,23,31,,,1.78,0.94,1.51*0B
215: $GPGSA,A,3,32,01,03,04,11,19,17,14,23,31,,,1.78,0.94,1.51*0B
216: $GPGSA,A,3,32,01,03,04,11,19,17,14,23,31,,,1.78,0.94,1.51*0B
217: $GPGSA,A,3,32,01,03,04,11,19,17,14,23,31,,,1.78,0.94,1.51*0B
218: $GPGSA,A,3,32,01,03,04,11,19,17,14,23,31,,,1.78,0.94,1.51*0B
219: $GPGSA,A,3,32,01,03,04,11,19,17,14,23,31,,,1.78,0.94,1.51*0B
220: $GPGSA,A,3,32,01,03,04,11,19,17,14,23,31,,,1.78,0.94,1.51*0B
220: $GPGSA,A,3,32,01,03,04,11,19,17,14,23,31,,,1.78,0.94,1.51*0B
221: $GPGSA,A,3,32,01,03,04,11,19,17,14,23,31,,,1.78,0.94,1.51*0B
222: $GPGSA,A,3,32,01,03,04,11,19,17,14,23,31,,,1.78,0.94,1.51*0B
223: $GPGSA,A,3,32,01,03,04,11,19,17,14,23,31,,,1.78,0.94,1.51*0B
224: $GPGSA,A,3,32,01,03,04,11,19,17,14,23,31,,,1.78,0.94,1.51*0B
225: $GPGSA,A,3,32,01,03,04,11,19,17,14,23,31,,,1.78,0.94,1.51*0B
226: $GPGSA,A,3,32,01,03,04,11,19,17,14,23,31,,,1.78,0.94,1.51*0B
227: $GPGSA,A,3,32,01,03,04,11,19,17,14,23,31,,,1.78,0.94,1.51*0B
228: $GPGSA,A,3,32,01,03,04,11,19,17,14,23,31,,,1.78,0.94,1.51*0B
229: $GPGSA,A,3,32,01,03,04,11,19,17,14,23,31,,,1.78,0.94,1.51*0B
230: $GPGSA,A,3,32,01,03,04,11,19,17,14,23,31,,,1.78,0.94,1.51*0B
231: $GPGSA,A,3,32,01,03,04,11,19,17,14,23,31,,,1.78,0.94,1.51*0B
232: $GPGSA,A,3,32,01,03,04,11,19,17,14,23,31,,,1.78,0.94,1.51*0B
233: $GPGSA,A,3,32,01,03,04,11,19,17,14,23,31,,,1.78,0.94,1.51*0B
234: $GPGSA,A,3,32,01,03,04,11,19,17,14,23,31,,,1.78,0.94,1.51*0B
235: $GPGSA,A,3,32,01,03,04,11,19,17,14,23,31,,,1.78,0.94,1.51*0B
236: $GPGSA,A,3,32,01,03,04,11,19,17,14,23,31,,,1.78,0.94,1.51*0B
236: $GPGSA,A,3,32,01,03,04,11,19,17,14,23,31,,,1.78,0.94,1.51*0B
237: $GPGSA,A,3,32,01,03,04,11,19,17,14,23,31,,,1.78,0.94,1.51*0B
238: $GPGSA,A,3,32,01,03,04,11,19,17,14,23,31,,,1.78,0.94,1.51*0B
239: $GPGSA,A,3,32,01,03,04,11,19,17,14,23,31,,,1.78,0.94,1.51*0B
240: $GPGSA,A,3,32,01,03,04,11,19,17,14,23,31,,,1.78,0.94,1.51*0B
241: $GPGSA,A,3,32,01,03,04,11,19,17,14,23,31,,,1.78,0.94,1.51*0B
242: $GPGSA,A,3,32,01,03,04,11,19,17,14,23,31,,,1.78,0.94,1.51*0B
243: $GPGSA,A,3,32,01,03,04,11,19,17,14,23,31,,,1.78,0.94,1.51*0B
244: $GPGSA,A,3,32,01,03,04,11,19,17,14,23,31,,,1.78,0.94,1.51*0B
245: $GPGSA,A,3,32,01,03,04,11,19,17,14,23,31,,,1.78,0.94,1.51*0B
246: $GPGSA,A,3,32,01,03,04,11,19,17,14,23,31,,,1.78,0.94,1.51*0B
247: $GPGSA,A,3,32,01,03,04,11,19,17,14,23,31,,,1.78,0.94,1.51*0B
248: $GPGSA,A,3,32,01,03,04,11,19,17,14,23,31,,,1.78,0.94,1.51*0B
249: $GPGSA,A,3,32,01,03,04,11,19,17,14,23,31,,,1.78,0.94,1.51*0B
250: $GPGSA,A,3,32,01,03,04,11,19,17,14,23,31,,,1.78,0.94,1.51*0B
250: $GPGSA,A,3,32,01,03,04,11,19,17,14,23,31,,,1.78,0.94,1.51*0B
251: $GPGSA,A,3,32,01,03,04,11,19,17,14,23,31,,,1.78,0.94,1.51*0B
252: $GPGSA,A,3,32,01,03,04,11,19,17,14,23,31,,,1.78,0.94,1.51*0B
253: $GPGSA,A,3,32,01,03,04,11,19,17,14,23,31,,,1.78,0.94,1.51*0B
254: $GPGSA,A,3,32,01,03,04,11,19,17,14,23,31,,,1.78,0.94,1.51*0B
255: $GPGSA,A,3,32,01,03,04,11,19,17,14,23,31,,,1.78,0.94,1.51*0B
256: $GPGSA,A,3,32,01,03,04,11,19,17,14,23,31,,,1.78,0.94,1.51*0B
257: $GPGSA,A,3,32,01,03,04,11,19,17,14,23,31,,,1.78,0.94,1.51*0B
258: $GPGSA,A,3,32,01,03,04,11,19,17,14,23,31,,,1.78,0.94,1.51*0B
259: $GPGSA,A,3,32,01,03,04,11,19,17,14,23,31,,,1.78,0.94,1.51*0B
260: $GPGSA,A,3,32,01,03,04,11,19,17,14,23,31,,,1.78,0.94,1.51*0B
261: $GPGSA,A,3,32,01,03,04,11,19,17,14,23,31,,,1.78,0.94,1.51*0B
262: $GPGSA,A,3,32,01,03,04,11,19,17,14,23,31,,,1.78,0.94,1.51*0B
263: $GPGSA,A,3,32,01,03,04,11,19,17,14,23,31,,,1.78,0.94,1.51*0B
264: $GPGSA,A,3,32,01,03,04,11,19,17,14,23,31,,,1.78,0.94,1.51*0B
265: $GPGSA,A,3,32,01,03,04,11,19,17,14,23,31,,,1.78,0.94,1.51*0B
266: $GPGSA,A,3,32,01,03,04,11,19,17,14,23,31,,,1.78,0.94,1.51*0B
267: $GPGSA,A,3,32,01,03,04,11,19,17,14,23,31,,,1.78,0.94,1.51*0B
267: $GPGSA,A,3,32,01,03,04,11,19,17,14,23,31,,,1.78,0.94,1.51*0B
268: $GPGSA,A,3,32,01,03,04,11,19,17,14,23,31,,,1.78,0.94,1.51*0B
269: $GPGSA,A,3,32,01,03,04,11,19,17,14,23,31,,,1.78,0.94,1.51*0B
270: $GPGSA,A,3,32,01,03,04,11,19,17,14,23,31,,,1.78,0.94,1.51*0B
271: $GPGSA,A,3,32,01,03,04,11,19,17,14,23,31,,,1.78,0.94,1.51*0B
272: $GPGSA,A,3,32,01,03,04,11,19,17,14,23,31,,,1.78,0.94,1.51*0B
273: $GPGSA,A,3,32,01,03,04,11,19,17,14,23,31,,,1.78,0.94,1.51*0B
274: $GPGSA,A,3,32,01,03,04,11,19,17,14,23,31,,,1.78,0.94,1.51*0B
275: $GPGSA,A,3,32,01,03,04,11,19,17,14,23,31,12,,1.59,0.88,1.32*03
276: $GPGSA,A,3,32,01,03,04,11,19,17,14,23,31,12,,1.59,0.88,1.32*03
277: $GPGSA,A,3,32,01,03,04,11,19,17,14,23,31,12,,1.59,0.88,1.32*03
278: $GPGSA,A,3,32,01,03,04,11,19,17,14,23,31,12,,1.59,0.88,1.32*03
279: $GPGSA,A,3,32,01,03,04,11,19,17,14,23,31,12,,1.59,0.88,1.32*03
280: $GPGSA,A,3,32,01,03,04,11,19,17,14,23,31,12,,1.59,0.88,1.32*03
281: $GPGSA,A,3,32,01,03,04,11,19,17,14,23,31,12,,1.59,0.88,1.32*03
282: $GPGSA,A,3,32,01,03,04,11,19,17,14,23,31,12,,1.59,0.88,1.32*03
283: $GPGSA,A,3,32,01,03,04,11,19,17,14,23,31,12,,1.59,0.88,1.32*03
284: $GPGSA,A,3,32,01,03,04,11,19,17,14,23,31,12,,1.59,0.88,1.32*03
284: $GPGSA,A,3,32,01,03,04,11,19,17,14,23,31,12,,1.59,0.88,1.32*03
285: $GPGSA,A,3,32,01,03,04,11,19,17,14,23,31,12,,1.59,0.88,1.32*03
286: $GPGSA,A,3,32,01,03,04,11,19,17,14,23,31,12,,1.59,0.88,1.32*03
287: $GPGSA,A,3,32,01,03,04,11,19,17,14,23,31,12,,1.59,0.88,1.32*03
288: $GPGSA,A,3,32,01,03,04,11,19,17,14,23,31,12,,1.59,0.88,1.32*03
289: $GPGSA,A,3,32,01,03,04,11,19,17,14,23,31,12,,1.59,0.88,1.32*03
290: $GPGSA,A,3,32,01,03,04,11,19,17,14,23,31,12,,1.59,0.88,1.32*03
291: $GPGSA,A,3,32,01,03,04,11,19,17,14,23,31,12,,1.59,0.88,1.32*03
292: $GPGSA,A,3,32,01,03,04,11,19,17,14,23,31,12,,1.59,0.88,1.32*03
293: $GPGSA,A,3,32,01,03,04,11,19,17,14,23,31,12,,1.59,0.88,1.32*03
294: $GPGSA,A,3,32,01,03,04,11,19,17,14,23,31,12,,1.59,0.88,1.32*03
295: $GPGSA,A,3,32,01,03,04,11,19,17,14,23,31,12,,1.59,0.88,1.32*03
296: $GPGSA,A,3,32,01,03,04,11,19,17,14,23,31,12,,1.59,0.88,1.32*03
297: $GPGSA,A,3,32,01,03,04,11,19,17,14,23,31,12,,1.59,0.88,1.32*03
298: $GPGSA,A,3,32,01,03,04,11,19,14,23,31,12,,,1.70,1.06,1.32*09
299: $GPGSA,A,3,32,01,03,04,11,19,14,23,31,12,,,1.70,1.06,1.32*09
300: $GPGSA,A,3,32,01,03,04,11,19,17,14,23,31,12,,1.70,1.06,1.32*0F
301: $GPGSA,A,3,32,01,03,04,11,19,17,14,23,31,12,,1.70,1.06,1.32*0F
302: $GPGSA,A,3,32,01,03,04,11,19,14,23,31,12,,,1.70,1.06,1.32*09
303: $GPGSA,A,3,32,01,03,04,11,19,14,23,31,12,,,1.86,1.16,1.45*01
304: $GPGSA,A,3,32,01,03,04,11,19,14,23,31,12,,,1.70,1.06,1.32*09
304: $GPGSA,A,3,32,01,03,04,11,19,17,14,23,31,12,,1.70,1.06,1.32*0F
305: $GPGSA,A,3,32,01,03,04,11,19,14,23,31,12,,,1.70,1.06,1.32*09
306: $GPGSA,A,3,32,01,03,04,11,19,14,23,31,12,,,1.70,1.06,1.32*09
307: $GPGSA,A,3,32,01,03,04,11,19,17,14,23,31,12,,1.70,1.06,1.32*0F
308: $GPGSA,A,3,32,01,03,04,11,19,17,14,23,31,12,,1.70,1.06,1.32*0F
309: $GPGSA,A,3,32,01,03,04,11,19,17,14,23,31,12,,1.59,0.88,1.32*03
310: $GPGSA,A,3,32,01,03,04,11,19,17,14,23,31,12,,1.69,0.88,1.44*01
311: $GPGSA,A,3,32,01,03,04,11,19,17,14,23,31,12,,1.69,0.88,1.44*01
312: $GPGSA,A,3,32,01,03,04,11,19,17,14,23,31,12,,1.70,1.06,1.32*0F
313: $GPGSA,A,3,32,01,03,04,11,19,17,14,23,31,12,,1.70,1.06,1.32*0F
314: $GPGSA,A,3,32,01,03,04,11,19,17,14,23,31,12,,1.59,0.88,1.32*03
315: $GPGSA,A,3,32,01,03,04,11,19,17,14,23,31,12,,1.59,0.88,1.32*03
316: $GPGSA,A,3,32,01,03,04,11,19,17,14,23,31,12,,1.59,0.88,1.32*03
317: $GPGSA,A,3,32,01,03,04,11,19,17,14,23,31,12,,1.59,0.88,1.32*03
318: $GPGSA,A,3,32,01,03,04,11,19,17,14,23,31,12,,1.59,0.88,1.32*03
319: $GPGSA,A,3,32,01,03,04,11,19,17,14,23,31,12,,1.59,0.88,1.32*03
320: $GPGSA,A,3,32,01,03,04,11,19,17,14,23,31,12,,1.59,0.88,1.32*03
321: $GPGSA,A,3,32,01,03,04,11,19,17,14,23,31,12,,1.59,0.88,1.32*03
321: $GPGSA,A,3,32,01,03,04,11,19,17,14,23,31,12,,1.59,0.88,1.32*03
322: $GPGSA,A,3,32,01,03,04,11,19,17,14,23,31,12,,1.59,0.88,1.32*03
323: $GPGSA,A,3,32,01,03,04,11,19,17,14,23,31,12,,1.59,0.88,1.32*03
324: $GPGSA,A,3,32,01,03,04,11,19,17,14,23,31,12,,1.59,0.88,1.32*03
325: $GPGSA,A,3,32,01,03,04,11,19,17,14,23,31,12,,1.59,0.88,1.32*03
326: $GPGSA,A,3,32,01,03,04,11,19,17,14,23,31,12,,1.59,0.88,1.32*03
327: $GPGSA,A,3,32,01,03,04,11,19,17,14,23,31,12,,1.59,0.88,1.32*03
328: $GPGSA,A,3,32,01,03,04,11,19,17,14,23,31,12,,1.59,0.88,1.32*03
329: $GPGSA,A,3,32,01,03,04,11,19,17,14,23,31,12,,1.59,0.88,1.32*03
330: $GPGSA,A,3,32,01,03,04,11,19,17,14,23,31,12,,1.59,0.88,1.32*03
331: $GPGSA,A,3,32,01,03,04,11,19,17,14,23,31,12,,1.59,0.88,1.32*03
332: $GPGSA,A,3,32,01,03,04,11,19,17,14,23,31,12,,1.69,0.88,1.44*01
333: $GPGSA,A,3,32,01,03,04,11,19,17,14,23,31,12,,1.69,0.88,1.44*01
334: $GPGSA,A,3,32,01,03,04,11,19,17,14,23,31,12,,1.69,0.88,1.44*01
335: $GPGSA,A,3,32,01,03,04,11,19,17,14,23,31,12,,1.69,0.88,1.44*01
335: $GPGSA,A,3,32,01,03,04,11,19,17,14,23,31,12,,1.69,0.88,1.44*01
336: $GPGSA,A,3,32,01,03,04,11,19,17,14,23,31,12,,1.69,0.88,1.44*01
337: $GPGSA,A,3,32,01,03,04,11,19,17,14,23,31,12,,1.69,0.88,1.44*01
338: $GPGSA,A,3,32,01,03,04,11,19,17,14,23,31,12,,1.69,0.88,1.44*01
339: $GPGSA,A,3,32,01,03,04,11,19,17,14,23,31,12,,1.69,0.88,1.44*01
340: $GPGSA,A,3,32,01,03,04,11,19,17,14,23,31,12,,1.69,0.88,1.44*01
341: $GPGSA,A,3,32,01,03,04,11,19,17,14,23,31,12,,1.69,0.88,1.44*01
342: $GPGSA,A,3,32,01,03,04,11,19,17,14,23,31,12,,1.69,0.88,1.44*01
343: $GPGSA,A,3,32,01,03,04,11,19,17,14,23,31,12,,1.69,0.88,1.44*01
344: $GPGSA,A,3,32,01,03,04,11,19,17,14,23,31,12,,1.69,0.88,1.44*01
345: $GPGSA,A,3,32,01,03,04,11,19,17,14,23,31,12,,1.69,0.88,1.44*01
346: $GPGSA,A,3,32,01,03,04,11,19,17,14,23,31,12,,1.69,0.88,1.44*01
347: $GPGSA,A,3,32,01,03,04,11,19,17,14,23,31,12,,1.69,0.88,1.44*01
348: $GPGSA,A,3,32,01,03,04,11,19,17,14,23,31,12,,1.69,0.88,1.44*01
349: $GPGSA,A,3,32,01,03,04,11,19,17,14,23,31,12,,1.69,0.88,1.44*01
349: $GPGSA,A,3,32,01,03,04,11,19,17,14,23,31,12,,1.69,0.88,1.44*01
350: $GPGSA,A,3,32,01,03,04,11,19,17,14,23,31,12,,1.69,0.88,1.44*01
351: $GPGSA,A,3,32,01,03,04,11,19,17,14,23,31,12,,1.69,0.88,1.44*01
352: $GPGSA,A,3,32,01,03,04,11,19,17,14,23,31,12,,1.69,0.88,1.44*01
353: $GPGSA,A,3,32,01,03,04,11,19,17,14,23,31,12,,1.69,0.88,1.44*01
354: $GPGSA,A,3,32,01,03,04,11,19,17,14,23,31,12,,1.59,0.88,1.32*03
355: $GPGSA,A,3,32,01,03,04,11,19,17,14,23,31,12,,1.59,0.88,1.32*03
356: $GPGSA,A,3,32,01,03,04,11,19,17,14,23,31,12,,1.59,0.88,1.32*03
357: $GPGSA,A,3,32,01,03,04,11,19,17,14,23,31,12,,1.59,0.88,1.32*03
358: $GPGSA,A,3,32,01,03,04,11,19,17,14,23,31,12,,1.59,0.88,1.32*03
359: $GPGSA,A,3,32,01,03,04,11,19,17,14,23,31,12,,1.59,0.88,1.32*03
360: $GPGSA,A,3,32,01,03,04,11,19,17,14,23,31,12,,1.59,0.88,1.32*03
361: $GPGSA,A,3,32,01,03,04,11,19,17,14,23,31,12,,1.59,0.88,1.32*03
362: $GPGSA,A,3,32,01,03,04,11,19,17,14,23,31,12,,1.59,0.88,1.32*03
363: $GPGSA,A,3,32,01,03,04,11,19,17,14,23,31,12,,1.59,0.88,1.32*03
363: $GPGSA,A,3,32,01,03,04,11,19,17,14,23,31,12,,1.59,0.88,1.32*03
364: $GPGSA,A,3,32,01,03,04,11,19,17,14,23,31,12,,1.59,0.88,1.32*03
365: $GPGSA,A,3,32,01,03,04,11,19,17,14,23,31,12,,1.59,0.88,1.32*03
366: $GPGSA,A,3,32,01,03,04,11,19,17,14,23,31,12,,1.59,0.88,1.32*03
367: $GPGSA,A,3,32,01,03,04,11,19,17,14,23,31,12,,1.69,0.88,1.44*01
368: $GPGSA,A,3,32,01,03,04,11,19,17,14,23,31,12,,1.69,0.88,1.44*01
369: $GPGSA,A,3,32,01,03,04,11,19,17,14,23,31,12,,1.69,0.88,1.44*01
370: $GPGSA,A,3,32,01,03,04,11,19,17,14,23,31,12,,1.69,0.88,1.44*01
371: $GPGSA,A,3,32,01,03,04,11,19,17,14,23,31,12,,1.69,0.88,1.44*01
372: $GPGSA,A,3,32,01,03,04,11,19,17,14,23,31,12,,1.69,0.88,1.44*01
373: $GPGSA,A,3,32,01,03,04,11,19,17,14,23,31,12,,1.69,0.88,1.44*01
374: $GPGSA,A,3,32,01,03,04,11,19,17,14,23,31,12,,1.69,0.88,1.44*01
375: $GPGSA,A,3,32,01,03,04,11,19,17,14,23,31,12,,1.69,0.88,1.44*01
376: $GPGSA,A,3,32,01,03,04,11,19,17,14,23,31,12,,1.69,0.88,1.44*01
377: $GPGSA,A,3,32,01,03,04,11,19,17,14,23,31,12,,1.69,0.88,1.44*01
378: $GPGSA,A,3,32,01,03,04,11,19,17,14,23,31,12,,1.69,0.88,1.44*01
379: $GPGSA,A,3,32,01,03,04,11,19,17,14,23,31,12,,1.69,0.88,1.44*01
380: $GPGSA,A,3,32,01,03,04,11,19,17,14,23,31,12,,1.69,0.88,1.44*01
381: $GPGSA,A,3,32,01,03,04,11,19,17,14,23,31,12,,1.69,0.88,1.44*01
381: $GPGSA,A,3,32,01,03,04,11,19,17,14,23,31,12,,1.69,0.88,1.44*01
382: $GPGSA,A,3,32,01,03,04,11,19,17,14,23,31,12,,1.69,0.88,1.44*01
383: $GPGSA,A,3,32,01,03,04,11,19,17,14,23,31,12,,1.69,0.88,1.44*01
384: $GPGSA,A,3,32,01,03,04,11,19,17,14,23,31,12,,1.69,0.88,1.44*01
385: $GPGSA,A,3,32,01,03,04,11,19,17,14,23,31,12,,1.69,0.88,1.44*01
386: $GPGSA,A,3,32,01,03,04,11,19,17,14,23,31,12,,1.69,0.88,1.44*01
387: $GPGSA,A,3,32,01,03,04,11,19,17,14,23,31,12,,1.69,0.88,1.44*01
388: $GPGSA,A,3,32,01,03,04,11,19,17,14,23,31,12,,1.92,0.94,1.67*09
389: $GPGSA,A,3,32,01,03,04,11,19,17,14,23,31,12,,1.92,0.94,1.67*09
390: $GPGSA,A,3,32,01,03,04,11,19,17,14,23,31,12,,1.69,0.88,1.44*01
391: $GPGSA,A,3,32,01,03,04,11,19,17,14,23,31,12,,1.69,0.88,1.44*01
392: $GPGSA,A,3,32,01,03,04,11,19,17,14,23,31,12,,1.69,0.88,1.44*01
393: $GPGSA,A,3,32,01,03,04,11,19,17,14,23,31,12,,1.69,0.88,1.44*01
394: $GPGSA,A,3,32,01,03,04,11,19,17,14,23,31,12,,1.69,0.88,1.44*01
394: $GPGSA,A,3,32,01,03,04,11,19,17,14,23,31,12,,1.70,0.91,1.44*01
395: $GPGSA,A,3,32,01,03,04,11,19,17,14,23,31,12,,1.70,0.91,1.44*01
396: $GPGSA,A,3,32,01,03,04,11,19,17,14,23,31,12,,1.70,0.91,1.44*01
397: $GPGSA,A,3,32,01,03,04,11,19,17,14,23,31,12,,1.70,0.91,1.44*01
398: $GPGSA,A,3,32,01,03,04,11,19,17,14,23,31,12,,1.69,0.88,1.44*01
399: $GPGSA,A,3,32,01,03,04,11,19,17,14,23,31,12,,1.70,0.91,1.44*01
400: $GPGSA,A,3,32,01,03,04,11,19,17,14,23,31,12,,1.70,0.91,1.44*01
401: $GPGSA,A,3,32,01,03,04,11,19,17,14,23,31,12,,1.70,0.91,1.44*01
402: $GPGSA,A,3,32,01,03,04,11,19,17,14,23,31,12,,1.59,0.88,1.32*03
403: $GPGSA,A,3,32,01,03,04,11,19,17,14,23,31,12,,1.59,0.88,1.32*03
404: $GPGSA,A,3,32,01,03,04,11,19,17,14,23,31,12,,1.59,0.88,1.32*03
405: $GPGSA,A,3,32,01,03,04,11,19,17,14,23,31,12,,1.59,0.88,1.32*03
406: $GPGSA,A,3,32,01,03,04,11,19,17,14,23,31,12,,1.59,0.88,1.32*03
407: $GPGSA,A,3,32,01,03,04,11,19,17,14,23,31,12,,1.59,0.88,1.32*03
408: $GPGSA,A,3,32,01,03,04,11,19,17,14,23,31,12,,1.59,0.88,1.32*03
408: $GPGSA,A,3,32,01,03,04,11,19,17,14,23,31,12,,1.59,0.88,1.32*03
409: $GPGSA,A,3,32,01,03,04,11,19,17,14,23,31,12,,1.59,0.88,1.32*03
410: $GPGSA,A,3,32,01,03,04,11,19,17,14,23,31,12,,1.59,0.88,1.32*03
411: $GPGSA,A,3,32,01,03,04,11,19,17,14,23,31,12,,1.59,0.88,1.32*03
412: $GPGSA,A,3,32,01,03,04,11,19,17,14,23,31,12,,1.59,0.88,1.32*03
413: $GPGSA,A,3,32,01,03,04,11,19,17,14,23,31,12,,1.59,0.88,1.32*03
414: $GPGSA,A,3,32,01,03,04,11,19,17,14,23,31,12,,1.59,0.88,1.32*03
415: $GPGSA,A,3,32,01,03,04,11,19,17,14,23,31,12,,1.59,0.88,1.32*03
416: $GPGSA,A,3,32,01,03,04,11,19,17,14,23,31,12,,1.59,0.88,1.32*03
417: $GPGSA,A,3,32,01,03,04,11,19,17,14,23,31,12,,1.59,0.88,1.32*03
418: $GPGSA,A,3,32,01,03,04,11,19,17,14,23,31,12,,1.59,0.88,1.32*03
419: $GPGSA,A,3,32,01,03,04,11,19,17,14,23,31,12,,1.59,0.88,1.32*03
420: $GPGSA,A,3,32,01,03,04,11,19,17,14,23,31,12,,1.59,0.88,1.32*03
421: $GPGSA,A,3,32,01,03,04,11,19,17,14,23,31,12,,1.59,0.88,1.32*03
422: $GPGSA,A,3,32,01,03,04,11,19,17,14,23,31,12,,1.59,0.88,1.32*03
423: $GPGSA,A,3,32,01,03,04,11,19,17,14,23,31,12,,1.59,0.88,1.32*03
424: $GPGSA,A,3,32,01,03,04,11,19,17,14,23,31,12,,1.59,0.88,1.32*03
425: $GPGSA,A,3,32,01,03,04,11,19,17,14,23,31,12,,1.59,0.88,1.32*03
426: $GPGSA,A,3,32,01,03,04,11,19,17,14,23,31,12,,1.59,0.88,1.32*03
427: $GPGSA,A,3,32,01,03,04,11,19,17,14,23,31,12,,1.59,0.88,1.32*03
427: $GPGSA,A,3,32,01,03,04,11,19,17,14,23,31,12,,1.59,0.88,1.32*03
428: $GPGSA,A,3,32,01,03,04,11,19,17,14,23,31,12,,1.59,0.88,1.32*03
429: $GPGSA,A,3,32,01,03,04,11,19,17,14,23,31,12,,1.59,0.88,1.32*03
430: $GPGSA,A,3,32,01,03,04,11,19,17,14,23,31,12,,1.59,0.88,1.32*03
431: $GPGSA,A,3,32,01,03,04,11,19,17,14,23,31,12,,1.59,0.88,1.32*03
432: $GPGSA,A,3,32,01,03,04,11,19,17,14,23,31,12,,1.59,0.88,1.32*03
433: $GPGSA,A,3,32,01,03,04,11,19,17,14,23,31,12,,1.59,0.88,1.32*03
434: $GPGSA,A,3,32,01,03,04,11,19,17,14,23,31,12,,1.59,0.88,1.32*03
435: $GPGSA,A,3,32,01,03,04,11,19,17,14,23,31,12,,1.59,0.88,1.32*03
436: $GPGSA,A,3,32,01,03,04,11,19,17,14,23,31,12,,1.59,0.88,1.32*03
437: $GPGSA,A,3,32,01,03,04,11,19,17,14,23,31,12,,1.59,0.88,1.32*03
438: $GPGSA,A,3,32,01,03,04,11,19,17,14,23,31,12,,1.59,0.88,1.32*03
439: $GPGSA,A,3,32,01,03,04,11,19,17,14,23,31,12,,1.59,0.88,1.32*03
440: $GPGSA,A,3,32,01,03,04,11,19,17,14,23,31,12,,1.59,0.88,1.32*03
441: $GPGSA,A,3,32,01,03,04,11,19,17,14,23,31,12,,1.59,0.88,1.32*03
442: $GPGSA,A,3,32,01,03,04,11,19,17,14,23,31,12,,1.68,0.88,1.44*00
443: $GPGSA,A,3,32,01,03,11,19,17,14,23,31,12,,,1.72,0.94,1.44*02
444: $GPGSA,A,3,32,01,03,04,11,19,17,14,23,31,12,,1.72,0.94,1.44*06
445: $GPGSA,A,3,32,01,03,04,11,19,17,14,23,31,12,,1.63,0.94,1.33*06
446: $GPGSA,A,3,32,01,03,04,11,19,17,14,23,31,12,,1.59,0.88,1.32*03
447: $GPGSA,A,3,32,01,03,04,11,19,17,14,23,31,12,,1.59,0.88,1.32*03
448: $GPGSA,A,3,32,01,03,04,11,19,17,14,23,31,12,,1.59,0.88,1.32*03
448: $GPGSA,A,3,32,01,03,04,11,19,17,14,23,31,12,,1.59,0.88,1.32*03
449: $GPGSA,A,3,32,01,03,04,11,19,17,14,23,31,12,,1.59,0.88,1.32*03
450: $GPGSA,A,3,32,01,03,04,11,19,14,23,31,12,,,1.70,1.06,1.32*09
451: $GPGSA,A,3,32,01,03,04,11,19,17,14,23,31,12,,1.70,1.06,1.32*0F
452: $GPGSA,A,3,32,01,03,04,11,19,17,14,23,31,12,,1.70,1.06,1.32*0F
453: $GPGSA,A,3,32,01,03,04,11,19,14,23,31,12,,,1.70,1.06,1.32*09
454: $GPGSA,A,3,32,01,03,04,11,19,17,14,23,31,12,,1.70,1.06,1.32*0F
455: $GPGSA,A,3,32,01,03,04,11,19,17,14,23,31,12,,1.70,1.06,1.32*0F
456: $GPGSA,A,3,32,01,03,04,11,19,17,14,23,31,12,,1.59,0.88,1.32*03
457: $GPGSA,A,3,32,01,03,04,11,19,17,14,23,31,12,,1.68,0.88,1.44*00
458: $GPGSA,A,3,32,01,03,04,11,19,17,14,23,31,12,,1.68,0.88,1.44*00
459: $GPGSA,A,3,32,01,03,04,11,19,17,14,23,31,12,,1.68,0.88,1.44*00
460: $GPGSA,A,3,32,01,03,04,11,19,17,14,23,31,12,,1.68,0.88,1.44*00
461: $GPGSA,A,3,32,01,03,04,11,19,17,14,23,31,12,,1.68,0.88,1.44*00
462: $GPGSA,A,3,32,01,03,04,11,19,17,14,23,31,12,,1.68,0.88,1.44*00
462: $GPGSA,A,3,32,01,03,04,11,19,17,14,23,31,12,,1.68,0.88,1.44*00
463: $GPGSA,A,3,32,01,03,04,11,19,17,14,23,31,12,,1.68,0.88,1.43*07
464: $GPGSA,A,3,32,01,03,04,11,19,17,14,23,31,12,,1.59,0.88,1.32*03
465: $GPGSA,A,3,32,01,03,04,11,19,17,14,23,31,12,,1.59,0.88,1.32*03
466: $GPGSA,A,3,32,01,03,04,11,19,17,14,23,31,12,,1.59,0.88,1.32*03
467: $GPGSA,A,3,32,01,03,04,11,19,17,14,23,31,12,,1.59,0.88,1.32*03
468: $GPGSA,A,3,32,01,03,04,11,19,17,14,23,31,12,,1.59,0.88,1.32*03
469: $GPGSA,A,3,32,01,03,04,11,19,17,14,23,31,12,,1.59,0.88,1.32*03
470: $GPGSA,A,3,32,01,03,04,11,19,17,14,23,31,12,,1.59,0.88,1.32*03
471: $GPGSA,A,3,32,01,03,04,11,19,17,14,23,31,12,,1.59,0.88,1.32*03
472: $GPGSA,A,3,32,01,03,04,11,19,17,14,23,31,12,,1.59,0.88,1.32*03
473: $GPGSA,A,3,32,01,03,04,11,19,17,14,23,31,12,,1.59,0.88,1.32*03
474: $GPGSA,A,3,32,01,03,04,11,19,17,14,23,31,12,,1.59,0.88,1.32*03
475: $GPGSA,A,3,32,01,03,04,11,19,17,14,23,31,12,,1.59,0.88,1.32*03
475: $GPGSA,A,3,32,01,03,04,11,19,17,14,23,31,12,,1.59,0.88,1.32*03
476: $GPGSA,A,3,32,01,03,04,11,19,17,14,23,31,12,,1.59,0.88,1.32*03
477: $GPGSA,A,3,32,01,03,04,11,19,17,14,23,31,12,,1.59,0.88,1.32*03
478: $GPGSA,A,3,32,01,03,04,11,19,17,14,23,31,12,,1.70,1.06,1.32*0F
479: $GPGSA,A,3,32,01,03,04,11,19,17,14,23,31,12,,1.59,0.88,1.32*03
480: $GPGSA,A,3,32,01,03,04,11,19,17,14,23,31,12,,1.59,0.88,1.32*03
481: $GPGSA,A,3,32,01,03,04,11,19,17,14,23,31,12,,1.70,1.06,1.32*0F
482: $GPGSA,A,3,32,01,03,04,11,19,17,14,23,31,12,,1.68,0.88,1.43*07
483: $GPGSA,A,3,32,01,03,04,11,19,17,14,23,31,12,,1.59,0.88,1.32*03
484: $GPGSA,A,3,32,01,03,04,11,19,17,14,23,31,12,,1.68,0.88,1.43*07
485: $GPGSA,A,3,32,01,03,04,11,19,17,14,23,31,12,,1.68,0.88,1.43*07
486: $GPGSA,A,3,32,01,03,04,11,19,17,14,23,31,12,,1.59,0.88,1.32*03
487: $GPGSA,A,3,32,01,03,04,11,19,17,14,23,31,12,,1.59,0.88,1.32*03
488: $GPGSA,A,3,32,01,03,04,11,19,17,14,23,31,12,,1.59,0.88,1.32*03
489: $GPGSA,A,3,32,01,03,04,11,19,17,14,23,31,12,,1.59,0.88,1.32*03
490: $GPGSA,A,3,32,01,03,04,11,19,17,14,23,31,12,,1.59,0.88,1.32*03
490: $GPGSA,A,3,32,01,03,04,11,19,17,14,23,31,12,,1.59,0.88,1.32*03
491: $GPGSA,A,3,32,01,03,04,11,19,17,14,23,31,12,,1.59,0.88,1.32*03
492: $GPGSA,A,3,32,01,03,04,11,19,17,14,23,31,12,,1.59,0.88,1.32*03
493: $GPGSA,A,3,32,01,03,04,11,19,17,14,23,31,12,,1.68,0.88,1.43*07
494: $GPGSA,A,3,32,01,03,04,11,19,17,14,23,31,12,,1.59,0.88,1.32*03
495: $GPGSA,A,3,32,01,03,04,11,19,17,14,23,31,12,,1.59,0.88,1.32*03
496: $GPGSA,A,3,32,01,03,04,11,19,17,14,23,31,12,,1.59,0.88,1.32*03
497: $GPGSA,A,3,32,01,03,04,11,19,17,14,23,31,12,,1.59,0.88,1.32*03
498: $GPGSA,A,3,32,01,03,04,11,19,17,14,23,31,12,,1.59,0.88,1.32*03
499: $GPGSA,A,3,32,01,03,04,11,19,17,14,23,31,12,,1.59,0.88,1.32*03
500: $GPGSA,A,3,32,01,03,04,11,19,17,14,23,31,12,,1.59,0.88,1.32*03
500: $GPGSA,A,3,32,01,03,04,11,19,17,14,23,31,12,,1.59,0.88,1.32*03
501: $GPGSA,A,3,32,01,03,04,11,19,17,14,23,31,12,,1.59,0.88,1.32*03
502: $GPGSA,A,3,32,01,03,04,11,19,17,14,23,31,12,,1.59,0.88,1.32*03
503: $GPGSA,A,3,32,01,03,04,11,19,17,14,23,31,12,,1.59,0.88,1.32*03
504: $GPGSA,A,3,32,01,03,04,11,19,17,14,23,31,12,,1.59,0.88,1.32*03
505: $GPGSA,A,3,32,01,03,04,11,19,17,14,23,31,12,,1.59,0.88,1.32*03
506: $GPGSA,A,3,32,01,03,04,11,19,17,14,23,31,12,,1.59,0.88,1.32*03
507: $GPGSA,A,3,32,01,03,04,11,19,17,14,23,31,12,,1.59,0.88,1.32*03
508: $GPGSA,A,3,32,01,03,04,11,19,17,14,23,31,12,,1.59,0.88,1.32*03
509: $GPGSA,A,3,32,01,03,04,11,19,17,14,23,31,12,,1.59,0.88,1.32*03
510: $GPGSA,A,3,32,01,03,04,11,19,17,14,23,31,12,,1.59,0.88,1.32*03
511: $GPGSA,A,3,32,01,03,04,11,19,17,14,23,31,12,,1.59,0.88,1.32*03
512: $GPGSA,A,3,32,01,03,04,11,19,17,14,23,31,12,,1.59,0.88,1.32*03
513: $GPGSA,A,3,32,01,03,04,11,19,17,14,23,31,12,,1.59,0.88,1.32*03
514: $GPGSA,A,3,32,01,03,04,11,19,17,14,23,31,12,,1.59,0.88,1.32*03
515: $GPGSA,A,3,32,01,03,04,11,19,17,14,23,31,12,,1.68,0.88,1.43*07
516: $GPGSA,A,3,32,03,04,11,19,17,14,23,31,12,,,1.68,0.88,1.43*06
516: $GPGSA,A,3,32,03,04,11,19,17,14,23,31,12,,,1.68,0.88,1.43*06
517: $GPGSA,A,3,32,03,04,11,19,17,14,23,31,12,,,1.68,0.88,1.43*06
518: $GPGSA,A,3,32,01,03,04,11,19,17,14,23,31,12,,1.68,0.88,1.43*07
519: $GPGSA,A,3,32,01,03,04,11,19,17,14,23,31,12,,1.68,0.88,1.43*07
520: $GPGSA,A,3,32,01,03,04,11,19,17,14,23,31,12,,1.68,0.88,1.43*07
521: $GPGSA,A,3,32,03,04,11,19,17,14,23,31,12,,,1.68,0.88,1.43*06
522: $GPGSA,A,3,32,01,03,04,11,19,17,14,23,31,12,,1.68,0.88,1.43*07
523: $GPGSA,A,3,32,01,03,04,11,19,17,14,23,31,12,,1.59,0.88,1.32*03
524: $GPGSA,A,3,32,01,03,04,11,19,17,14,23,31,12,,1.59,0.88,1.32*03
525: $GPGSA,A,3,32,01,03,04,11,19,17,14,23,31,12,,1.59,0.88,1.32*03
526: $GPGSA,A,3,32,01,03,04,11,19,17,14,23,31,12,,1.59,0.88,1.32*03
527: $GPGSA,A,3,32,01,03,04,11,19,17,14,23,31,12,,1.59,0.88,1.32*03
528: $GPGSA,A,3,32,01,03,04,11,19,17,14,23,31,12,,1.59,0.88,1.32*03
529: $GPGSA,A,3,32,01,03,04,11,19,17,14,23,31,12,,1.59,0.88,1.32*03
530: $GPGSA,A,3,32,01,03,04,11,19,17,14,23,31,12,,1.59,0.88,1.32*03
531: $GPGSA,A,3,32,01,03,04,11,19,17,14,23,31,12,,1.59,0.88,1.32*03
532: $GPGSA,A,3,32,01,03,04,11,19,17,14,23,31,12,,1.59,0.88,1.32*03
533: $GPGSA,A,3,32,01,03,04,11,19,17,14,23,31,12,,1.59,0.88,1.32*03
534: $GPGSA,A,3,32,01,03,04,11,19,17,14,23,31,12,,1.59,0.88,1.32*03
535: $GPGSA,A,3,32,01,03,04,11,19,17,14,23,31,12,,1.59,0.88,1.32*03
536: $GPGSA,A,3,32,01,03,04,11,19,17,14,23,31,12,,1.59,0.88,1.32*03
537: $GPGSA,A,3,32,01,03,04,11,19,17,14,23,31,12,,1.59,0.88,1.32*03
538: $GPGSA,A,3,32,01,03,04,11,19,17,14,23,31,12,,1.59,0.88,1.32*03
539: $GPGSA,A,3,32,01,03,04,11,19,17,14,23,31,12,,1.59,0.88,1.32*03
540: $GPGSA,A,3,32,01,03,04,11,19,17,14,23,31,12,,1.59,0.88,1.32*03
541: $GPGSA,A,3,32,01,03,04,11,19,17,14,23,12,,,1.64,0.97,1.32*01
541: $GPGSA,A,3,32,01,03,04,11,19,17,14,23,12,,,1.64,0.97,1.32*01
542: $GPGSA,A,3,32,01,03,04,11,19,17,14,23,31,12,,1.64,0.97,1.32*03
543: $GPGSA,A,3,32,01,03,04,11,19,17,14,23,31,12,,1.64,0.97,1.32*03
544: $GPGSA,A,3,32,01,03,04,11,19,17,14,23,31,12,,1.59,0.88,1.32*03
545: $GPGSA,A,3,32,01,03,04,11,19,17,14,23,31,12,,1.59,0.88,1.32*03
546: $GPGSA,A,3,32,01,03,04,11,19,17,14,23,31,12,,1.59,0.88,1.32*03
547: $GPGSA,A,3,32,01,03,04,11,19,17,14,23,31,12,,1.59,0.88,1.32*03
548: $GPGSA,A,3,32,01,03,04,11,19,17,14,23,31,12,,1.59,0.88,1.32*03
549: $GPGSA,A,3,32,01,03,04,11,19,17,14,23,31,12,,1.59,0.88,1.32*03
550: $GPGSA,A,3,32,01,03,04,11,19,17,14,23,31,12,,1.59,0.88,1.32*03
551: $GPGSA,A,3,32,01,03,04,11,19,17,14,23,31,12,,1.59,0.88,1.32*03
552: $GPGSA,A,3,32,01,03,04,11,19,17,14,23,31,12,,1.59,0.88,1.32*03
553: $GPGSA,A,3,32,01,03,04,11,19,17,14,23,31,12,,1.59,0.88,1.32*03
554: $GPGSA,A,3,32,01,03,04,11,19,17,14,23,31,12,,1.59,0.88,1.32*03
555: $GPGSA,A,3,32,01,03,04,11,19,17,14,23,31,12,,1.59,0.88,1.32*03
556: $GPGSA,A,3,32,01,03,04,11,19,17,14,23,31,12,,1.59,0.88,1.32*03
557: $GPGSA,A,3,32,01,03,04,11,19,17,14,23,31,12,,1.59,0.88,1.32*03
558: $GPGSA,A,3,32,01,03,04,11,19,17,14,23,31,12,,1.59,0.88,1.32*03
559: $GPGSA,A,3,32,01,03,04,11,19,17,14,23,31,12,,1.59,0.88,1.32*03
559: $GPGSA,A,3,32,01,03,04,11,19,17,14,23,31,12,,1.59,0.88,1.32*03
560: $GPGSA,A,3,32,01,03,04,11,19,17,14,23,31,12,,1.59,0.88,1.32*03
561: $GPGSA,A,3,32,01,03,04,11,19,17,14,23,31,12,,1.59,0.88,1.32*03
562: $GPGSA,A,3,32,01,03,04,11,19,17,14,23,31,12,,1.59,0.88,1.32*03
563: $GPGSA,A,3,32,01,03,04,11,19,17,14,23,31,12,,1.59,0.88,1.32*03
564: $GPGSA,A,3,32,01,03,04,11,19,17,14,23,31,12,,1.59,0.88,1.32*03
