0: $GPGSV,3,3,12,22,01,091,20,23,23,214,18,31,32,104,30,32,79,083,25*79
1: $GPGSV,3,1,12,01,72,201,24,03,59,272,40,04,47,159,38,11,47,194,28*71
1: $GPGSV,3,2,12,12,05,016,23,14,24,051,33,17,29,305,28,19,29,226,18*71
1: $GPGSV,3,3,12,22,01,091,21,23,23,214,17,31,32,104,31,32,79,083,25*76
1: $GPGSV,3,1,12,01,72,201,23,03,59,272,40,04,47,159,36,11,47,194,28*78
2: $GPGSV,3,2,12,12,05,016,21,14,24,051,33,17,29,305,30,19,29,226,18*7A
2: $GPGSV,3,3,12,22,01,091,20,23,23,214,17,31,32,104,34,32,79,083,25*72
2: $GPGSV,3,1,12,01,72,201,21,03,59,272,40,04,47,159,36,11,47,194,27*75
2: $GPGSV,3,2,12,12,05,016,17,14,24,051,38,17,29,305,29,19,29,226,17*73
3: $GPGSV,3,3,12,22,01,091,,23,23,214,18,31,32,104,35,32,79,083,25*7E
3: $GPGSV,3,1,12,01,72,201,20,03,59,272,40,04,47,159,36,11,47,194,28*7B
3: $GPGSV,3,2,12,12,05,016,15,14,24,051,27,17,29,305,33,19,29,226,17*74
4: $GPGSV,3,3,12,22,01,091,19,23,23,214,18,31,32,104,37,32,79,083,25*74
4: $GPGSV,3,1,12,01,72,201,20,03,59,272,40,04,47,159,38,11,47,194,28*75
4: $GPGSV,3,2,12,12,05,016,13,14,24,051,28,17,29,305,29,19,29,226,18*79
5: $GPGSV,3,3,12,22,01,091,21,23,23,214,19,31,32,104,33,32,79,083,25*7A
5: $GPGSV,3,1,12,01,72,201,18,03,59,272,39,04,47,159,35,11,47,194,29*7C
5: $GPGSV,3,2,12,12,05,016,25,14,24,051,38,17,29,305,29,19,29,226,19*7C
5: $GPGSV,3,3,12,22,01,091,21,23,23,214,20,31,32,103,32,32,79,083,24*77
6: $GPGSV,3,1,12,01,72,201,17,03,59,272,39,04,47,159,36,11,47,194,33*7B
6: $GPGSV,3,2,12,12,05,016,22,14,24,051,33,17,29,305,30,19,29,226,35*76
6: $GPGSV,3,3,12,22,01,091,19,23,23,214,30,31,32,103,26,32,78,084,24*7E
7: $GPGSV,3,1,12,01,72,201,15,03,59,272,39,04,47,159,36,11,47,194,35*7F
7: $GPGSV,3,2,12,12,05,016,22,14,24,051,34,17,29,305,30,19,29,226,35*71
7: $GPGSV,3,3,12,22,01,091,16,23,23,214,31,31,32,103,31,32,78,084,25*77
8: $GPGSV,3,1,12,01,72,201,16,03,59,272,39,04,47,159,38,11,47,194,35*72
8: $GPGSV,3,2,12,12,05,016,22,14,24,051,35,17,29,305,30,19,29,226,34*71
8: $GPGSV,3,3,12,22,01,091,20,23,23,214,32,31,32,103,30,32,78,084,26*73
9: $GPGSV,3,1,12,01,72,201,14,03,59,272,39,04,47,159,36,11,47,194,32*79
9: $GPGSV,3,2,12,12,05,016,23,14,24,051,33,17,29,305,29,19,29,226,35*7F
9: $GPGSV,3,3,12,22,01,091,18,23,23,214,27,31,32,103,31,32,78,084,26*7D
10: $GPGSV,3,1,12,01,72,201,15,03,59,272,39,04,47,159,34,11,47,194,30*78
10: $GPGSV,3,2,12,12,05,016,22,14,24,051,30,17,29,305,30,19,29,226,34*74
10: $GPGSV,3,3,12,22,01,091,16,23,23,214,32,31,32,103,31,32,78,084,27*76
11: $GPGSV,3,1,12,01,72,201,16,03,59,272,39,04,47,159,35,11,47,194,33*79
11: $GPGSV,3,2,12,12,05,016,21,14,24,051,33,17,29,305,28,19,29,226,34*7D
11: $GPGSV,3,3,12,22,01,091,15,23,23,214,28,31,32,103,31,32,78,084,28*71
12: $GPGSV,3,1,12,01,72,201,17,03,59,272,39,04,47,159,35,11,47,194,27*7D
12: $GPGSV,3,2,12,12,05,016,19,14,24,051,33,17,29,305,29,19,29,226,34*77
12: $GPGSV,3,3,12,22,01,091,14,23,23,214,29,31,32,103,30,32,78,084,27*7F
13: $GPGSV,3,1,12,01,72,201,17,03,59,272,39,04,47,159,35,11,47,194,29*73
13: $GPGSV,3,2,12,12,05,016,20,14,24,051,33,17,29,305,30,19,29,226,35*74
13: $GPGSV,3,3,12,22,01,091,12,23,23,214,30,31,32,103,31,32,78,084,27*70
14: $GPGSV,3,1,12,01,72,201,17,03,59,272,39,04,47,159,35,11,47,194,30*7B
14: $GPGSV,3,2,12,12,05,016,20,14,24,051,33,17,29,305,29,19,29,226,35*7C
14: $GPGSV,3,3,12,22,01,091,10,23,23,214,29,31,32,103,32,32,78,084,27*79
15: $GPGSV,3,1,12,01,72,201,19,03,59,272,39,04,47,159,35,11,47,194,30*75
15: $GPGSV,3,2,12,12,05,016,19,14,24,051,34,17,29,305,28,19,29,226,34*71
15: $GPGSV,3,3,12,22,01,091,11,23,23,214,29,31,32,103,32,32,78,084,27*78
16: $GPGSV,3,1,12,01,72,201,19,03,59,272,39,04,47,159,35,11,47,194,31*74
16: $GPGSV,3,2,12,12,05,016,18,14,24,051,34,17,29,305,30,19,29,226,35*78
16: $GPGSV,3,3,12,22,01,091,11,23,23,214,28,31,32,103,33,32,78,084,27*78
17: $GPGSV,3,1,12,01,72,201,19,03,59,272,40,04,47,159,35,11,47,194,25*7F
17: $GPGSV,3,2,12,12,05,016,18,14,24,051,34,17,29,305,31,19,29,226,32*7E
17: $GPGSV,3,3,12,22,01,091,09,23,23,214,28,31,32,103,27,32,78,084,27*74
17: $GPGSV,3,1,12,01,72,201,18,03,59,272,25,04,47,159,24,11,47,194,24*7C
18: $GPGSV,3,2,12,12,05,016,20,14,24,051,23,17,29,305,32,19,29,226,15*75
18: $GPGSV,3,3,12,22,01,091,09,23,23,214,17,31,32,103,23,32,78,084,25*7E
18: $GPGSV,3,1,12,01,72,201,17,03,59,272,31,04,47,159,34,11,47,194,34*76
18: $GPGSV,3,2,12,12,05,016,21,14,24,051,33,17,29,305,26,19,29,226,29*7F
19: $GPGSV,3,3,12,22,01,091,08,23,23,214,31,31,32,103,33,32,78,084,22*7D
19: $GPGSV,3,1,12,01,72,201,09,03,59,272,38,04,47,159,35,11,47,194,34*71
19: $GPGSV,3,2,12,12,05,016,19,14,24,051,34,17,29,305,32,19,29,226,32*7C
19: $GPGSV,3,3,12,22,01,091,09,23,23,214,27,31,32,103,33,32,78,084,26*7F
20: $GPGSV,3,1,12,01,72,201,07,03,59,272,38,04,47,159,34,11,47,194,33*79
20: $GPGSV,3,2,12,12,05,016,17,14,24,051,34,17,29,305,32,19,29,226,33*73
20: $GPGSV,3,3,12,22,01,091,10,23,23,214,27,31,32,103,32,32,78,084,27*77
21: $GPGSV,3,1,12,01,72,201,10,03,59,272,39,04,47,159,34,11,47,194,32*7F
21: $GPGSV,3,2,12,12,05,016,15,14,24,051,34,17,29,305,32,19,29,226,33*71
21: $GPGSV,3,3,12,22,01,091,08,23,23,214,26,31,32,103,31,32,78,084,27*7C
22: $GPGSV,3,1,12,01,72,201,15,03,59,272,39,04,47,159,34,11,47,194,31*79
22: $GPGSV,3,2,12,12,05,016,14,14,24,051,35,17,29,305,33,19,29,226,33*70
22: $GPGSV,3,3,12,22,01,091,08,23,23,214,26,31,32,103,30,32,78,084,26*7C
23: $GPGSV,3,1,12,01,72,201,19,03,59,272,38,04,47,159,34,11,47,194,31*74
23: $GPGSV,3,2,12,12,05,016,13,14,24,051,35,17,29,305,32,19,29,226,32*77
23: $GPGSV,3,3,12,22,01,091,08,23,23,214,26,31,32,103,34,32,78,084,27*79
24: $GPGSV,3,1,12,01,72,201,21,03,59,272,38,04,47,159,35,11,47,194,31*7E
24: $GPGSV,3,2,12,12,05,016,12,14,24,051,36,17,29,305,33,19,29,226,32*74
24: $GPGSV,3,3,12,22,01,091,,23,23,214,27,31,32,103,33,32,78,084,27*77
25: $GPGSV,3,1,12,01,72,201,22,03,59,272,38,04,47,159,34,11,47,194,31*7C
25: $GPGSV,3,2,12,12,05,016,12,14,24,051,33,17,29,305,34,19,29,226,32*76
25: $GPGSV,3,3,12,22,01,091,,23,23,214,26,31,32,103,32,32,78,084,28*78
26: $GPGSV,3,1,12,01,72,201,22,03,59,272,38,04,47,159,34,11,47,194,32*7F
26: $GPGSV,3,2,12,12,05,016,13,14,24,051,36,17,29,305,33,19,29,226,33*74
26: $GPGSV,3,3,12,22,01,091,,23,23,214,25,31,32,103,31,32,78,084,28*78
27: $GPGSV,3,1,12,01,72,201,22,03,59,272,39,04,47,159,34,11,47,194,31*7D
27: $GPGSV,3,2,12,12,05,016,13,14,24,051,38,17,29,305,35,19,29,226,34*7B
27: $GPGSV,3,3,12,22,01,091,,23,23,214,25,31,32,103,34,32,78,084,28*7D
28: $GPGSV,3,1,12,01,72,201,21,03,59,272,39,04,47,159,36,11,47,194,35*78
28: $GPGSV,3,2,12,12,05,016,,14,24,051,40,17,29,305,34,19,29,226,23*71
28: $GPGSV,3,3,12,22,01,091,,23,23,214,27,31,32,103,31,32,78,084,29*7B
29: $GPGSV,3,1,12,01,72,201,20,03,59,272,37,04,47,159,35,11,47,194,31*70
29: $GPGSV,3,2,12,12,05,016,,14,24,051,29,17,29,305,33,19,29,226,22*78
29: $GPGSV,3,3,12,22,01,091,,23,23,214,25,31,32,103,33,32,78,084,29*7B
30: $GPGSV,3,1,12,01,72,201,20,03,59,272,37,04,47,159,34,11,47,194,31*71
30: $GPGSV,3,2,12,12,05,016,25,14,24,051,40,17,29,305,33,19,29,226,21*73
30: $GPGSV,3,3,12,22,01,091,,23,23,214,23,31,32,103,38,32,78,084,29*76
30: $GPGSV,3,1,12,01,72,201,19,03,59,272,38,04,47,159,34,11,47,194,32*77
31: $GPGSV,3,2,12,12,05,016,26,14,24,051,23,17,29,305,33,19,29,226,20*74
31: $GPGSV,3,3,12,22,01,091,,23,23,214,22,31,32,103,32,32,78,084,29*7D
31: $GPGSV,3,1,12,01,72,201,22,03,59,272,38,04,47,159,33,11,47,194,32*78
32: $GPGSV,3,2,12,12,05,016,23,14,24,051,34,17,29,305,33,19,29,226,33*75
32: $GPGSV,3,3,12,22,01,091,,23,23,214,22,31,32,103,26,32,78,084,29*78
32: $GPGSV,3,1,12,01,72,201,21,03,59,272,38,04,47,159,33,11,47,194,33*7A
32: $GPGSV,3,2,12,12,05,016,21,14,24,051,31,17,29,305,30,19,29,226,28*7B
33: $GPGSV,3,3,12,22,01,091,,23,23,214,22,31,32,103,32,32,78,084,29*7D
33: $GPGSV,3,1,12,01,72,201,21,03,59,272,38,04,47,159,31,11,47,194,31*7A
33: $GPGSV,3,2,12,12,05,016,19,14,24,051,32,17,29,305,30,19,29,226,32*78
34: $GPGSV,3,3,12,22,01,091,,23,23,214,22,31,32,103,31,32,78,084,28*7F
34: $GPGSV,3,1,12,01,72,201,21,03,59,272,38,04,47,159,31,11,47,194,34*7F
34: $GPGSV,3,2,12,12,05,016,19,14,24,051,33,17,29,305,34,19,29,226,32*7D
34: $GPGSV,3,3,12,22,01,091,,23,23,214,22,31,32,103,31,32,78,084,29*7E
35: $GPGSV,3,1,12,01,72,201,21,03,59,272,38,04,47,159,32,11,47,194,30*78
35: $GPGSV,3,2,12,12,05,016,20,14,24,051,34,17,29,305,34,19,29,226,32*70
35: $GPGSV,3,3,12,22,01,091,,23,23,214,23,31,32,103,32,32,78,084,29*7C
36: $GPGSV,3,1,12,01,72,201,21,03,59,272,38,04,47,159,32,11,47,194,29*70
36: $GPGSV,3,2,12,12,05,016,22,14,24,051,33,17,29,305,30,19,29,226,32*71
36: $GPGSV,3,3,12,22,01,091,,23,23,214,25,31,32,103,32,32,78,084,29*7A
37: $GPGSV,3,1,12,01,72,201,19,03,59,272,38,04,47,159,32,11,47,194,30*73
37: $GPGSV,3,2,12,12,05,016,22,14,24,051,33,17,29,305,31,19,29,226,32*70
37: $GPGSV,3,3,12,22,01,091,,23,23,214,25,31,32,103,31,32,78,084,28*78
38: $GPGSV,3,1,12,01,72,201,21,03,59,272,38,04,47,159,33,11,47,194,30*79
38: $GPGSV,3,2,12,12,05,016,21,14,24,051,33,17,29,305,35,19,29,226,32*77
38: $GPGSV,3,3,12,22,01,091,,23,23,214,24,31,32,103,31,32,78,084,28*79
39: $GPGSV,3,1,12,01,72,201,20,03,59,272,38,04,47,159,32,11,47,194,30*79
39: $GPGSV,3,2,12,12,05,016,22,14,24,051,34,17,29,305,35,19,29,226,32*73
39: $GPGSV,3,3,12,22,01,091,,23,23,214,23,31,32,103,31,32,78,084,28*7E
40: $GPGSV,3,1,12,01,72,201,19,03,59,272,37,04,47,159,31,11,47,194,30*7F
40: $GPGSV,3,2,12,12,05,016,21,14,24,051,34,17,29,305,35,19,29,226,32*70
40: $GPGSV,3,3,12,22,01,091,,23,23,214,25,31,32,103,33,32,78,084,28*7A
41: $GPGSV,3,1,12,01,72,201,18,03,59,272,37,04,47,159,31,11,47,194,31*7F
41: $GPGSV,3,2,12,12,05,016,19,14,24,051,34,17,29,305,35,19,29,226,32*7B
41: $GPGSV,3,3,12,22,01,091,,23,23,214,24,31,32,103,31,32,78,084,28*79
42: $GPGSV,3,1,12,01,72,201,16,03,59,272,37,04,47,159,32,11,47,194,32*71
42: $GPGSV,3,2,12,12,05,016,19,14,24,051,34,17,29,305,35,19,29,226,33*7A
42: $GPGSV,3,3,12,22,01,091,,23,23,214,25,31,32,103,32,32,78,084,29*7A
43: $GPGSV,3,1,12,01,72,201,15,03,59,272,37,04,47,159,33,11,47,194,32*73
43: $GPGSV,3,2,12,12,05,016,19,14,24,051,32,17,29,305,35,19,29,226,33*7C
43: $GPGSV,3,3,12,22,01,091,,23,23,214,24,31,32,103,35,32,78,084,29*7C
44: $GPGSV,3,1,12,01,71,200,16,03,59,272,36,04,47,159,31,11,47,194,27*75
44: $GPGSV,3,2,12,12,05,016,19,14,24,051,33,17,29,305,35,19,29,226,32*7C
44: $GPGSV,3,3,12,22,01,091,,23,23,214,24,31,32,103,34,32,78,084,29*7D
45: $GPGSV,3,1,12,01,71,200,17,03,59,272,36,04,47,159,34,11,47,194,33*74
45: $GPGSV,3,2,12,12,05,016,19,14,24,051,32,17,29,305,35,19,29,226,29*77
45: $GPGSV,3,3,12,22,01,091,,23,23,214,26,31,32,103,31,32,78,084,29*7A
46: $GPGSV,3,1,12,01,71,200,17,03,60,273,36,04,47,159,34,11,47,194,36*7A
46: $GPGSV,3,2,12,12,05,016,20,14,24,051,31,17,29,305,31,19,29,226,28*7B
46: $GPGSV,3,3,12,22,01,091,,23,23,214,26,31,32,103,32,32,78,084,30*71
47: $GPGSV,3,1,12,01,71,200,16,03,60,273,37,04,47,159,33,11,47,194,33*78
47: $GPGSV,3,2,12,12,05,016,20,14,24,051,31,17,29,305,34,19,29,226,33*74
47: $GPGSV,3,3,12,22,01,091,,23,23,214,27,31,32,103,32,32,78,084,30*70
48: $GPGSV,3,1,12,01,71,200,18,03,60,273,37,04,47,159,32,11,47,194,33*77
48: $GPGSV,3,2,12,12,05,016,20,14,24,051,32,17,29,305,35,19,29,226,29*7D
48: $GPGSV,3,3,12,22,01,091,,23,23,214,26,31,32,103,33,32,78,084,30*70
48: $GPGSV,3,1,12,01,71,200,20,03,60,273,38,04,47,159,32,11,47,194,29*78
49: $GPGSV,3,2,12,12,05,016,18,14,24,051,32,17,29,305,34,19,29,226,29*77
49: $GPGSV,3,3,12,22,01,091,,23,23,214,25,31,32,103,32,32,78,084,30*72
49: $GPGSV,3,1,12,01,71,200,21,03,60,273,38,04,47,159,32,11,47,194,30*71
49: $GPGSV,3,2,12,12,05,016,18,14,24,051,32,17,29,305,33,19,29,226,29*70
50: $GPGSV,3,3,12,22,01,091,,23,23,214,25,31,32,103,32,32,78,084,30*72
50: $GPGSV,3,1,12,01,71,200,20,03,60,273,38,04,47,159,34,11,47,194,33*75
50: $GPGSV,3,2,12,12,05,016,18,14,24,051,33,17,29,305,33,19,29,226,31*78
51: $GPGSV,3,3,12,22,01,091,,23,23,214,24,31,32,103,32,32,78,084,30*73
51: $GPGSV,3,1,12,01,71,200,20,03,60,273,38,04,47,159,34,11,47,194,31*77
51: $GPGSV,3,2,12,12,05,016,20,14,24,051,33,17,29,305,33,19,29,226,31*73
51: $GPGSV,3,3,12,22,01,091,,23,23,214,24,31,32,103,30,32,78,084,30*71
52: $GPGSV,3,1,12,01,71,200,20,03,60,273,38,04,47,159,34,11,47,194,31*77
52: $GPGSV,3,2,12,12,05,016,20,14,24,051,30,17,29,305,33,19,29,226,34*75
52: $GPGSV,3,3,12,22,01,091,,23,23,214,22,31,32,103,29,32,78,084,30*7F
53: $GPGSV,3,1,12,01,71,200,21,03,60,273,38,04,47,159,33,11,46,194,31*70
53: $GPGSV,3,2,12,12,05,016,21,14,24,051,34,17,29,305,36,19,29,226,33*72
53: $GPGSV,3,3,12,22,01,091,,23,23,214,22,31,32,103,29,32,78,084,29*77
54: $GPGSV,3,1,12,01,71,200,20,03,60,273,37,04,47,159,32,11,46,194,30*7E
54: $GPGSV,3,2,12,12,05,016,21,14,24,051,32,17,29,305,34,19,29,226,30*75
54: $GPGSV,3,3,12,22,01,091,,23,23,214,25,31,32,103,30,32,78,084,29*78
55: $GPGSV,3,1,12,01,71,200,19,03,60,273,38,04,47,159,34,11,46,194,31*7C
55: $GPGSV,3,2,12,12,05,016,21,14,24,051,33,17,29,305,34,19,29,226,33*77
55: $GPGSV,3,3,12,22,01,091,,23,23,214,25,31,32,103,30,32,78,084,29*78
56: $GPGSV,3,1,12,01,71,200,19,03,60,273,38,04,47,159,34,11,46,194,31*7C
56: $GPGSV,3,2,12,12,05,016,20,14,24,051,22,17,29,305,32,19,29,226,33*70
56: $GPGSV,3,3,12,22,01,091,,23,23,214,23,31,32,103,30,32,78,084,28*7F
57: $GPGSV,3,1,12,01,71,200,19,03,60,273,40,04,47,159,34,11,46,194,31*73
57: $GPGSV,3,2,12,12,05,016,19,14,24,051,30,17,29,305,33,19,29,226,32*79
57: $GPGSV,3,3,12,22,01,091,,23,23,214,24,31,32,103,30,32,78,084,28*78
58: $GPGSV,3,1,12,01,71,200,20,03,60,273,38,04,47,159,32,11,46,194,31*70
58: $GPGSV,3,2,12,12,05,016,18,14,24,051,31,17,29,305,34,19,29,226,32*7E
58: $GPGSV,3,3,12,22,01,091,,23,23,214,23,31,32,103,30,32,78,084,28*7F
59: $GPGSV,3,1,12,01,71,200,21,03,60,273,39,04,47,159,35,11,46,194,34*72
59: $GPGSV,3,2,12,12,05,016,18,14,24,051,31,17,29,304,34,19,29,226,30*7D
59: $GPGSV,3,3,12,22,01,091,,23,23,214,24,31,32,103,30,32,78,084,29*79
60: $GPGSV,3,1,12,01,71,200,21,03,60,273,39,04,47,159,35,11,46,194,32*74
60: $GPGSV,3,2,12,12,05,016,20,14,24,051,32,17,29,304,33,19,29,226,32*70
60: $GPGSV,3,3,12,22,01,091,,23,23,214,24,31,32,103,30,32,78,084,28*78
61: $GPGSV,3,1,12,01,71,200,20,03,60,273,39,04,47,159,34,11,46,194,32*74
61: $GPGSV,3,2,12,12,05,016,21,14,24,051,32,17,29,304,33,19,29,226,32*71
61: $GPGSV,3,3,12,22,01,091,,23,23,214,22,31,32,103,29,32,78,084,28*76
61: $GPGSV,3,1,12,01,71,200,20,03,60,273,38,04,47,159,34,11,46,194,32*75
62: $GPGSV,3,2,12,12,05,016,20,14,24,051,28,17,29,304,33,19,29,226,33*7A
62: $GPGSV,3,3,12,22,01,091,,23,23,214,20,31,32,103,28,32,78,084,28*75
62: $GPGSV,3,1,12,01,71,200,20,03,60,273,39,04,47,159,35,11,46,194,31*76
63: $GPGSV,3,2,12,12,05,016,22,14,24,051,32,17,29,304,33,19,29,226,33*73
63: $GPGSV,3,3,12,22,01,091,,23,23,214,21,31,32,103,28,32,78,084,28*74
63: $GPGSV,3,1,12,01,71,200,21,03,60,273,39,04,47,159,35,11,46,194,32*74
63: $GPGSV,3,2,12,12,05,016,22,14,24,051,32,17,29,304,29,19,29,226,33*78
64: $GPGSV,3,3,12,22,00,091,,23,23,214,29,31,32,103,29,32,78,084,27*73
64: $GPGSV,3,1,12,01,71,200,21,03,60,273,39,04,47,159,35,11,46,194,32*74
64: $GPGSV,3,2,12,12,05,016,21,14,24,051,31,17,29,304,31,19,29,226,31*73
65: $GPGSV,3,3,12,22,00,091,,23,24,214,28,31,32,103,29,32,78,084,27*75
65: $GPGSV,3,1,12,01,71,200,21,03,60,273,38,04,47,159,35,11,46,194,31*76
65: $GPGSV,3,2,12,12,05,016,20,14,24,051,31,17,29,304,32,19,29,226,33*73
66: $GPGSV,3,3,12,22,00,091,,23,24,214,28,31,32,103,28,32,78,084,26*75
66: $GPGSV,3,1,12,01,71,200,21,03,60,273,39,04,47,159,35,11,46,194,31*77
66: $GPGSV,3,2,12,12,05,016,21,14,24,051,31,17,29,304,31,19,29,226,33*71
66: $GPGSV,3,3,12,22,00,091,,23,24,214,28,31,32,103,28,32,78,084,26*75
67: $GPGSV,3,1,12,01,71,200,21,03,60,273,39,04,47,159,34,11,46,194,31*76
67: $GPGSV,3,2,12,12,05,016,22,14,24,051,31,17,29,304,31,19,29,226,32*73
67: $GPGSV,3,3,12,22,00,091,,23,24,214,13,31,32,103,28,32,78,084,25*7E
68: $GPGSV,3,1,12,01,71,200,20,03,60,273,39,04,47,159,33,11,46,194,32*73
68: $GPGSV,3,2,12,12,05,016,23,14,24,051,26,17,29,304,33,19,29,226,32*76
68: $GPGSV,3,3,12,22,00,091,,23,24,214,24,31,32,103,28,32,78,084,26*79
69: $GPGSV,3,1,12,01,71,200,20,03,60,273,39,04,47,159,33,11,46,194,32*73
69: $GPGSV,3,2,12,12,05,016,24,14,24,051,27,17,29,304,33,19,29,226,32*70
69: $GPGSV,3,3,12,22,00,091,,23,24,214,19,31,32,103,29,32,78,084,26*76
70: $GPGSV,3,1,12,01,71,200,19,03,60,273,39,04,47,159,37,11,46,194,31*7E
70: $GPGSV,3,2,12,12,05,016,24,14,24,051,28,17,29,304,32,19,29,226,32*7E
70: $GPGSV,3,3,12,22,00,091,,23,24,214,28,31,32,103,29,32,78,084,26*74
71: $GPGSV,3,1,12,01,71,200,20,03,60,273,39,04,47,159,33,11,46,194,31*70
71: $GPGSV,3,2,12,12,05,016,23,14,24,051,28,17,29,304,30,19,29,226,32*7B
71: $GPGSV,3,3,12,22,00,091,,23,24,214,25,31,32,103,29,32,78,084,27*78
72: $GPGSV,3,1,12,01,71,200,20,03,60,273,39,04,47,159,33,11,46,194,29*79
72: $GPGSV,3,2,12,12,05,016,24,14,24,051,28,17,29,304,31,19,29,226,31*7E
72: $GPGSV,3,3,12,22,00,091,,23,24,214,27,31,32,103,28,32,78,084,27*7B
73: $GPGSV,3,1,12,01,71,200,21,03,60,273,39,04,47,159,36,11,46,194,22*76
73: $GPGSV,3,2,12,12,05,016,23,14,24,051,28,17,29,304,31,19,29,226,31*79
73: $GPGSV,3,3,12,22,00,091,,23,24,214,25,31,32,103,29,32,78,084,27*78
74: $GPGSV,3,1,12,01,71,200,21,03,60,273,39,04,47,159,36,11,46,194,30*75
74: $GPGSV,3,2,12,12,05,016,22,14,24,051,29,17,29,304,34,19,29,226,32*7F
74: $GPGSV,3,3,12,22,00,091,,23,24,214,24,31,32,103,30,32,78,084,27*71
75: $GPGSV,3,1,12,01,71,200,19,03,60,273,39,04,47,159,36,11,46,194,31*7F
75: $GPGSV,3,2,12,12,05,016,22,14,24,051,29,17,29,304,35,19,29,226,31*7D
75: $GPGSV,3,3,12,22,00,091,,23,24,214,24,31,32,103,31,32,78,084,27*70
76: $GPGSV,3,1,12,01,71,200,17,03,60,273,39,04,47,159,33,11,46,194,31*74
76: $GPGSV,3,2,12,12,05,016,22,14,24,051,32,17,29,304,30,19,29,226,32*71
76: $GPGSV,3,3,12,22,00,091,,23,24,214,26,31,32,103,32,32,78,084,26*70
77: $GPGSV,3,1,12,01,71,200,19,03,60,273,39,04,47,159,34,11,46,194,31*7D
77: $GPGSV,3,2,12,12,05,016,20,14,24,051,28,17,29,304,30,19,29,226,32*78
77: $GPGSV,3,3,12,22,00,091,,23,24,214,26,31,32,103,31,32,78,084,26*73
78: $GPGSV,3,1,12,01,71,200,20,03,60,273,39,04,47,159,36,11,46,194,31*75
78: $GPGSV,3,2,12,12,05,016,19,14,24,051,33,17,29,304,30,19,29,226,32*78
78: $GPGSV,3,3,12,22,00,091,,23,24,214,25,31,32,103,32,32,78,084,26*73
78: $GPGSV,3,1,12,01,71,200,20,03,60,273,39,04,47,159,33,11,46,194,32*73
79: $GPGSV,3,2,12,12,05,016,20,14,24,051,32,17,29,304,29,19,29,226,34*7D
79: $GPGSV,3,3,12,22,00,091,,23,24,214,25,31,32,103,28,32,78,084,26*78
79: $GPGSV,3,1,12,01,71,200,19,03,60,273,40,04,47,159,36,11,46,194,31*71
80: $GPGSV,3,2,12,12,05,016,21,14,24,051,29,17,29,304,28,19,29,226,33*70
80: $GPGSV,3,3,12,22,00,091,,23,24,214,26,31,32,103,32,32,78,084,25*73
80: $GPGSV,3,1,12,01,71,200,19,03,60,273,40,04,47,159,37,11,46,194,31*70
80: $GPGSV,3,2,12,12,05,016,22,14,24,051,31,17,29,304,29,19,29,226,32*7A
81: $GPGSV,3,3,12,22,00,091,,23,24,214,24,31,32,103,32,32,78,084,25*71
81: $GPGSV,3,1,12,01,71,200,20,03,60,273,39,04,47,159,36,11,46,194,31*75
81: $GPGSV,3,2,12,12,05,016,20,14,24,051,32,17,29,304,31,19,29,226,32*72
82: $GPGSV,3,3,12,22,00,091,,23,24,214,25,31,32,103,31,32,78,084,25*73
82: $GPGSV,3,1,12,01,71,200,20,03,60,273,39,04,47,159,33,11,46,194,32*73
82: $GPGSV,3,2,12,12,05,016,16,14,24,051,32,17,29,304,32,19,29,226,31*77
83: $GPGSV,3,3,12,22,00,091,,23,24,214,26,31,32,103,30,32,78,084,27*73
83: $GPGSV,3,1,12,01,71,200,19,03,60,273,38,04,47,159,34,11,46,194,32*7F
83: $GPGSV,3,2,12,12,05,016,14,14,24,051,33,17,29,304,32,19,29,226,31*74
83: $GPGSV,3,3,12,22,00,091,,23,24,214,23,31,32,103,30,32,78,084,27*76
84: $GPGSV,3,1,12,01,71,200,19,03,60,273,38,04,47,159,34,11,46,194,32*7F
84: $GPGSV,3,2,12,12,05,016,13,14,24,051,33,17,29,304,32,19,29,226,32*70
84: $GPGSV,3,3,12,22,00,091,,23,24,214,24,31,32,103,30,32,78,084,28*7E
85: $GPGSV,3,1,12,01,71,200,19,03,60,273,38,04,47,159,35,11,46,194,31*7D
85: $GPGSV,3,2,12,12,05,016,11,14,24,051,33,17,29,304,32,19,29,226,33*73
85: $GPGSV,3,3,12,22,00,091,,23,24,214,22,31,32,103,29,32,78,084,28*70
86: $GPGSV,3,1,12,01,71,200,18,03,60,273,38,04,47,159,30,11,46,194,32*7A
86: $GPGSV,3,2,12,12,05,016,11,14,24,051,33,17,29,304,33,19,29,226,33*72
86: $GPGSV,3,3,12,22,00,091,,23,24,214,23,31,32,103,29,32,78,084,28*71
87: $GPGSV,3,1,12,01,71,200,17,03,60,273,38,04,47,159,31,11,46,194,32*74
87: $GPGSV,3,2,12,12,05,016,09,14,24,051,33,17,29,304,36,19,29,226,33*7E
87: $GPGSV,3,3,12,22,00,091,,23,24,214,22,31,32,103,30,32,78,084,29*79
88: $GPGSV,3,1,12,01,71,200,15,03,60,273,38,04,47,159,33,11,46,194,32*74
88: $GPGSV,3,2,12,12,05,016,09,14,24,051,33,17,29,304,34,19,29,226,32*7D
88: $GPGSV,3,3,12,22,00,091,,23,24,214,23,31,32,103,29,32,78,084,29*70
89: $GPGSV,3,1,12,01,71,200,12,03,60,273,37,04,47,159,33,11,46,194,33*7D
89: $GPGSV,3,2,12,12,05,016,08,14,24,051,29,17,29,304,35,19,29,226,31*75
89: $GPGSV,3,3,12,22,00,091,,23,24,214,25,31,32,103,29,32,78,084,29*76
90: $GPGSV,3,1,12,01,71,200,11,03,60,273,35,04,47,159,33,11,46,194,33*7C
90: $GPGSV,3,2,12,12,05,016,11,14,24,051,29,17,29,304,35,19,29,226,30*7C
90: $GPGSV,3,3,12,22,00,091,,23,24,214,24,31,32,103,29,32,78,084,29*77
91: $GPGSV,3,1,12,01,71,200,14,03,60,273,37,04,47,159,34,11,46,194,32*7D
91: $GPGSV,3,2,12,12,05,016,11,14,24,051,33,17,29,304,34,19,29,226,31*77
91: $GPGSV,3,3,12,22,00,091,,23,24,214,24,31,32,103,28,32,78,084,29*76
92: $GPGSV,3,1,12,01,71,200,13,03,60,273,37,04,47,159,31,11,46,194,32*7F
92: $GPGSV,3,2,12,12,05,016,10,14,24,051,30,17,29,304,33,19,29,226,31*72
92: $GPGSV,3,3,12,22,00,091,,23,24,214,24,31,32,103,28,32,78,084,29*76
93: $GPGSV,3,1,12,01,71,200,16,03,60,273,37,04,47,159,33,11,46,194,28*73
93: $GPGSV,3,2,12,12,05,016,10,14,24,051,30,17,29,304,32,19,29,226,31*73
93: $GPGSV,3,3,12,22,00,091,,23,24,214,22,31,32,103,28,32,78,084,29*70
94: $GPGSV,3,1,12,01,71,200,21,03,60,273,38,04,47,159,33,11,46,194,28*78
94: $GPGSV,3,2,12,12,05,016,,14,24,051,26,17,29,304,31,19,29,226,32*75
94: $GPGSV,3,3,12,22,00,091,,23,24,214,24,31,32,103,28,32,78,084,29*76
95: $GPGSV,3,1,12,01,71,200,23,03,60,273,38,04,47,159,33,11,46,194,28*7A
95: $GPGSV,3,2,12,12,05,016,,14,24,051,26,17,29,304,31,19,29,226,32*75
95: $GPGSV,3,3,12,22,00,091,,23,24,214,23,31,32,103,30,32,78,084,29*78
96: $GPGSV,3,1,12,01,71,200,22,03,60,273,38,04,47,159,33,11,46,194,30*72
96: $GPGSV,3,2,12,12,05,016,,14,24,051,27,17,29,304,31,19,29,226,32*74
96: $GPGSV,3,3,12,22,00,091,,23,24,214,23,31,32,103,29,32,78,084,29*70
97: $GPGSV,3,1,12,01,71,200,21,03,60,273,37,04,47,159,32,11,46,194,30*7F
97: $GPGSV,3,2,12,12,05,016,,14,24,051,28,17,29,304,33,19,29,226,33*78
97: $GPGSV,3,3,12,22,00,091,,23,24,214,25,31,32,103,29,32,78,084,29*76
97: $GPGSV,3,1,12,01,71,200,20,03,60,273,37,04,47,159,32,11,46,194,31*7F
98: $GPGSV,3,2,12,12,05,016,,14,24,051,29,17,29,304,35,19,29,226,33*7F
98: $GPGSV,3,3,12,22,00,091,,23,24,214,24,31,32,103,29,32,78,084,29*77
98: $GPGSV,3,1,12,01,71,200,21,03,60,273,37,04,47,159,33,11,46,194,32*7C
99: $GPGSV,3,2,12,12,05,016,,14,24,051,29,17,29,304,35,19,29,226,28*75
99: $GPGSV,3,3,12,22,00,091,,23,24,214,26,31,32,103,29,32,78,084,31*7C
99: $GPGSV,3,1,12,01,71,200,22,03,60,273,37,04,47,159,34,11,46,194,32*78
100: $GPGSV,3,2,12,12,05,016,,14,24,051,29,17,29,304,34,19,29,226,29*75
100: $GPGSV,3,3,12,22,00,091,,23,24,214,25,31,32,103,29,32,78,084,32*7C
100: $GPGSV,3,1,12,01,71,200,23,03,60,273,37,04,47,159,35,11,46,194,33*79
100: $GPGSV,3,2,12,12,05,016,,14,24,051,28,17,29,304,34,19,29,226,29*74
101: $GPGSV,3,3,12,22,00,091,,23,24,214,21,31,32,103,30,32,78,084,31*73
101: $GPGSV,3,1,12,01,71,200,24,03,60,273,37,04,47,159,34,11,46,194,34*78
101: $GPGSV,3,2,12,12,05,016,,14,24,051,28,17,29,304,34,19,29,226,33*7F
102: $GPGSV,3,3,12,22,00,091,,23,24,214,24,31,32,103,33,32,78,084,31*75
102: $GPGSV,3,1,12,01,71,200,25,03,60,273,38,04,47,159,34,11,46,194,33*71
102: $GPGSV,3,2,12,12,05,016,,14,24,051,28,17,29,304,32,19,29,226,29*72
103: $GPGSV,3,3,12,22,00,091,,23,24,214,25,31,32,103,33,32,78,084,30*75
103: $GPGSV,3,1,12,01,71,200,25,03,60,273,38,04,47,159,35,11,46,194,36*75
103: $GPGSV,3,2,12,12,05,016,,14,24,051,30,17,29,304,31,19,29,226,30*70
104: $GPGSV,3,3,12,22,00,091,,23,24,214,26,31,32,103,32,32,78,084,30*77
104: $GPGSV,3,1,12,01,71,200,26,03,60,273,38,04,47,159,36,11,46,194,34*77
104: $GPGSV,3,2,12,12,05,016,,14,24,051,30,17,29,304,32,19,29,226,30*73
104: $GPGSV,3,3,12,22,00,091,,23,24,214,27,31,32,103,32,32,78,084,30*76
105: $GPGSV,3,1,12,01,71,200,26,03,60,273,38,04,47,159,35,11,46,194,34*74
105: $GPGSV,3,2,12,12,05,016,,14,24,051,30,17,29,304,31,19,29,226,29*78
105: $GPGSV,3,3,12,22,00,091,,23,24,214,26,31,32,103,33,32,78,084,30*76
106: $GPGSV,3,1,12,01,71,200,26,03,60,273,38,04,47,159,36,11,46,194,34*77
106: $GPGSV,3,2,12,12,05,016,,14,24,051,29,17,29,304,30,19,29,226,30*79
106: $GPGSV,3,3,12,22,00,091,,23,24,214,25,31,32,103,34,32,78,084,29*7A
107: $GPGSV,3,1,12,01,71,200,26,03,60,273,38,04,47,159,36,11,46,194,34*77
107: $GPGSV,3,2,12,12,05,016,,14,24,051,29,17,29,304,33,19,29,226,31*7B
107: $GPGSV,3,3,12,22,00,091,,23,24,214,25,31,32,103,34,32,78,084,29*7A
108: $GPGSV,3,1,12,01,71,200,26,03,60,273,38,04,47,159,35,11,46,194,32*72
108: $GPGSV,3,2,12,12,05,016,,14,24,051,29,17,29,304,34,19,29,226,29*75
108: $GPGSV,3,3,12,22,00,091,,23,24,214,23,31,32,103,33,32,78,084,29*7B
109: $GPGSV,3,1,12,01,71,200,26,03,60,273,38,04,47,159,35,11,46,194,34*74
109: $GPGSV,3,2,12,12,05,016,,14,24,051,30,17,29,304,33,19,29,226,30*72
109: $GPGSV,3,3,12,22,00,091,,23,24,214,23,31,32,103,33,32,78,084,29*7B
110: $GPGSV,3,1,12,01,71,200,25,03,60,273,38,04,47,159,35,11,46,194,35*76
110: $GPGSV,3,2,12,12,05,016,,14,24,051,30,17,29,304,32,19,29,226,30*73
110: $GPGSV,3,3,12,22,00,091,,23,24,214,29,31,32,103,32,32,78,084,28*71
111: $GPGSV,3,1,12,01,71,199,25,03,60,273,39,04,47,159,36,11,46,194,35*77
111: $GPGSV,3,2,12,12,05,016,,14,24,051,30,17,29,304,30,19,29,226,31*70
111: $GPGSV,3,3,12,22,00,091,,23,24,214,23,31,32,103,32,32,78,084,28*7B
112: $GPGSV,3,1,12,01,71,199,25,03,60,273,39,04,47,159,36,11,46,194,35*77
112: $GPGSV,3,2,12,12,05,016,,14,24,051,29,17,29,304,30,19,29,226,31*78
112: $GPGSV,3,3,12,22,00,091,,23,24,214,21,31,32,103,33,32,78,084,27*77
113: $GPGSV,3,1,12,01,71,199,24,03,60,273,39,04,47,159,36,11,46,194,36*75
113: $GPGSV,3,2,12,12,05,016,,14,24,051,30,17,29,304,33,19,29,226,30*72
113: $GPGSV,3,3,12,22,00,091,,23,24,214,22,31,32,103,33,32,78,084,28*7B
114: $GPGSV,3,1,12,01,71,199,25,03,60,273,39,04,46,160,36,11,46,194,35*7C
114: $GPGSV,3,2,12,12,05,016,,14,24,051,30,17,29,304,33,19,29,226,31*73
114: $GPGSV,3,3,12,22,00,091,,23,24,214,21,31,32,103,33,32,78,084,28*78
115: $GPGSV,3,1,12,01,71,199,26,03,60,273,39,04,46,160,37,11,46,194,35*7E
115: $GPGSV,3,2,12,12,05,016,,14,24,051,30,17,29,304,33,19,29,226,31*73
115: $GPGSV,3,3,12,22,00,091,,23,24,214,20,31,32,103,33,32,78,084,28*79
116: $GPGSV,3,1,12,01,71,199,26,03,60,273,39,04,46,160,37,11,46,194,35*7E
116: $GPGSV,3,2,12,12,05,016,,14,24,051,30,17,29,304,33,19,29,226,31*73
116: $GPGSV,3,3,12,22,00,091,,23,24,214,20,31,32,103,34,32,78,084,29*7F
117: $GPGSV,3,1,12,01,71,199,26,03,60,273,39,04,46,160,37,11,46,194,35*7E
117: $GPGSV,3,2,12,12,05,016,,14,24,051,30,17,29,304,33,19,29,226,31*73
117: $GPGSV,3,3,12,22,00,091,,23,24,214,20,31,32,103,33,32,78,084,29*78
118: $GPGSV,3,1,12,01,71,199,25,03,60,273,39,04,46,160,37,11,46,194,32*7A
118: $GPGSV,3,2,12,12,05,016,19,14,24,051,30,17,29,304,33,19,29,226,32*78
118: $GPGSV,3,3,12,22,00,091,,23,24,214,29,31,32,103,33,32,78,084,28*70
119: $GPGSV,3,1,12,01,71,199,25,03,60,273,39,04,46,160,37,11,46,194,33*7B
119: $GPGSV,3,2,12,12,05,016,18,14,24,051,29,17,29,304,34,19,29,226,32*76
119: $GPGSV,3,3,12,22,00,091,,23,24,214,29,31,32,103,33,32,78,084,28*70
119: $GPGSV,3,1,12,01,71,199,24,03,60,273,38,04,46,160,34,11,46,194,33*78
120: $GPGSV,3,2,12,12,05,016,17,14,24,051,29,17,29,304,32,19,29,226,31*7C
120: $GPGSV,3,3,12,22,00,091,,23,24,214,29,31,32,103,33,32,78,084,28*70
120: $GPGSV,3,1,12,01,71,199,22,03,60,273,38,04,46,160,34,11,46,193,34*7E
121: $GPGSV,3,2,12,12,05,016,18,14,24,051,30,17,29,304,29,19,29,226,31*71
121: $GPGSV,3,3,12,22,00,091,,23,24,214,22,31,32,103,34,32,78,084,29*7D
121: $GPGSV,3,1,12,01,71,199,21,03,60,273,39,04,46,160,36,11,46,193,34*7E
121: $GPGSV,3,2,12,12,06,015,17,14,24,051,31,17,29,304,31,19,29,226,26*70
122: $GPGSV,3,3,12,22,00,091,,23,24,214,29,31,32,103,34,32,78,084,28*77
122: $GPGSV,3,1,12,01,71,199,20,03,60,273,38,04,46,160,33,11,46,193,33*7C
122: $GPGSV,3,2,12,12,06,015,17,14,24,051,30,17,29,304,33,19,29,226,31*75
123: $GPGSV,3,3,12,22,00,091,,23,24,214,29,31,32,103,33,32,78,084,28*70
123: $GPGSV,3,1,12,01,71,199,19,03,60,273,39,04,46,160,36,11,46,193,32*73
123: $GPGSV,3,2,12,12,06,015,16,14,23,051,29,17,29,304,33,19,29,226,31*7B
123: $GPGSV,3,3,12,22,00,091,,23,24,214,29,31,32,103,32,32,78,084,27*7E
124: $GPGSV,3,1,12,01,71,199,18,03,60,273,39,04,46,160,36,11,46,193,32*72
124: $GPGSV,3,2,12,12,06,015,14,14,23,051,28,17,29,304,32,19,29,226,31*79
124: $GPGSV,3,3,12,22,00,091,,23,24,214,29,31,32,103,32,32,78,084,27*7E
125: $GPGSV,3,1,12,01,71,199,20,03,60,273,38,04,46,160,34,11,46,193,33*7B
125: $GPGSV,3,2,12,12,06,015,14,14,23,051,31,17,29,304,32,19,29,226,33*73
125: $GPGSV,3,3,12,22,00,091,,23,24,214,21,31,32,103,33,32,78,084,28*78
126: $GPGSV,3,1,12,01,71,199,20,03,60,273,37,04,46,160,34,11,46,193,33*74
126: $GPGSV,3,2,12,12,06,015,14,14,23,051,31,17,29,304,34,19,29,226,33*75
126: $GPGSV,3,3,12,22,00,091,,23,24,214,23,31,32,103,32,32,78,084,27*74
127: $GPGSV,3,1,12,01,71,199,23,03,60,273,37,04,46,160,34,11,46,193,33*77
127: $GPGSV,3,2,12,12,06,015,13,14,23,051,31,17,29,304,34,19,29,226,29*79
127: $GPGSV,3,3,12,22,00,091,,23,24,214,25,31,32,103,33,32,78,084,28*7C
128: $GPGSV,3,1,12,01,71,199,26,03,60,273,38,04,46,160,35,11,46,193,33*7C
128: $GPGSV,3,2,12,12,06,015,11,14,23,051,31,17,29,304,31,19,28,226,32*75
128: $GPGSV,3,3,12,22,00,091,,23,24,214,24,31,32,103,34,32,78,084,29*7B
129: $GPGSV,3,1,12,01,71,199,26,03,60,273,38,04,46,160,34,11,46,193,33*7D
129: $GPGSV,3,2,12,12,06,015,10,14,23,051,32,17,29,304,31,19,28,226,31*74
129: $GPGSV,3,3,12,22,00,091,,23,24,214,30,31,32,103,30,32,78,084,29*7A
130: $GPGSV,3,1,12,01,71,199,26,03,60,273,38,04,46,160,35,11,46,193,33*7C
130: $GPGSV,3,2,12,12,06,015,10,14,23,051,32,17,29,304,36,19,28,226,32*70
130: $GPGSV,3,3,12,22,00,091,,23,24,214,22,31,32,103,30,32,78,084,29*79
131: $GPGSV,3,1,12,01,71,199,26,03,60,273,37,04,46,160,35,11,46,193,33*73
131: $GPGSV,3,2,12,12,06,015,11,14,23,051,31,17,29,304,31,19,28,226,33*74
131: $GPGSV,3,3,12,22,00,092,,23,24,214,22,31,32,103,29,32,78,084,30*7A
132: $GPGSV,3,1,12,01,71,199,26,03,60,273,37,04,46,160,34,11,46,193,34*75
132: $GPGSV,3,2,12,12,06,015,12,14,23,051,31,17,29,304,31,19,28,226,31*75
132: $GPGSV,3,3,12,22,00,092,,23,24,214,21,31,32,103,31,32,78,084,30*70
133: $GPGSV,3,1,12,01,71,199,26,03,60,273,37,04,46,160,31,11,46,193,33*77
133: $GPGSV,3,2,12,12,06,015,14,14,23,051,31,17,29,304,35,19,28,226,32*74
133: $GPGSV,3,3,12,22,00,092,,23,24,214,24,31,32,103,26,32,78,084,31*72
133: $GPGSV,3,1,12,01,71,199,25,03,60,273,37,04,46,160,31,11,46,193,33*74
134: $GPGSV,3,2,12,12,06,015,13,14,23,051,32,17,29,304,35,19,28,226,31*73
134: $GPGSV,3,3,12,22,00,092,,23,24,214,25,31,32,103,28,32,78,084,31*7D
134: $GPGSV,3,1,12,01,71,199,24,03,60,273,37,04,46,160,31,11,46,193,32*74
135: $GPGSV,3,2,12,12,06,015,12,14,23,051,32,17,29,304,36,19,28,226,28*79
135: $GPGSV,3,3,12,22,00,092,,23,24,214,25,31,32,103,29,32,78,084,31*7C
135: $GPGSV,3,1,12,01,71,199,24,03,60,273,36,04,46,160,30,11,46,193,30*76
136: $GPGSV,3,2,12,12,06,015,12,14,23,051,32,17,29,304,35,19,28,226,26*74
136: $GPGSV,3,3,12,22,00,092,,23,24,214,25,31,32,103,30,32,78,084,32*77
136: $GPGSV,3,1,12,01,71,199,23,03,60,273,35,04,46,160,30,11,46,193,30*72
136: $GPGSV,3,2,12,12,06,015,11,14,23,051,32,17,29,304,37,19,28,226,28*7B
137: $GPGSV,3,3,12,22,00,092,,23,24,214,24,31,32,103,30,32,78,084,32*76
137: $GPGSV,3,1,12,01,71,199,23,03,60,273,36,04,46,160,30,11,46,193,30*71
137: $GPGSV,3,2,12,12,06,015,11,14,23,051,32,17,29,304,36,19,28,226,28*7A
137: $GPGSV,3,3,12,22,00,092,,23,24,214,22,31,32,103,30,32,78,084,32*70
138: $GPGSV,3,1,12,01,71,199,24,03,60,273,36,04,46,160,30,11,46,193,30*76
138: $GPGSV,3,2,12,12,06,015,11,14,23,051,30,17,29,304,35,19,28,226,28*7B
138: $GPGSV,3,3,12,22,00,092,,23,24,214,21,31,32,103,30,32,78,084,32*73
139: $GPGSV,3,1,12,01,71,199,24,03,60,273,36,04,46,160,30,11,46,193,30*76
139: $GPGSV,3,2,12,12,06,015,10,14,23,051,32,17,29,304,35,19,28,226,28*78
139: $GPGSV,3,3,12,22,00,092,,23,24,214,21,31,33,102,30,32,78,084,32*73
140: $GPGSV,3,1,12,01,71,199,24,03,60,273,36,04,46,160,29,11,46,193,31*7F
140: $GPGSV,3,2,12,12,06,015,08,14,23,051,33,17,29,304,34,19,28,226,29*70
140: $GPGSV,3,3,12,22,00,092,,23,24,214,20,31,33,102,30,32,77,084,32*7D
141: $GPGSV,3,1,12,01,71,199,25,03,60,273,36,04,46,160,28,11,46,193,31*7F
141: $GPGSV,3,2,12,12,06,015,,14,23,051,33,17,29,304,37,19,28,226,29*7B
141: $GPGSV,3,3,12,22,00,092,,23,24,214,19,31,33,102,31,32,77,084,32*76
142: $GPGSV,3,1,12,01,71,199,24,03,60,273,36,04,46,160,29,11,46,193,31*7F
142: $GPGSV,3,2,12,12,06,015,,14,23,051,27,17,29,304,37,19,28,226,30*76
142: $GPGSV,3,3,12,22,00,092,,23,24,214,18,31,33,102,30,32,77,084,32*76
143: $GPGSV,3,1,12,01,71,199,25,03,60,273,36,04,46,160,28,11,46,193,37*79
143: $GPGSV,3,2,12,12,06,015,,14,23,051,27,17,29,304,37,19,28,226,28*7F
143: $GPGSV,3,3,12,22,00,092,,23,24,214,18,31,33,102,31,32,77,084,32*77
144: $GPGSV,3,1,12,01,71,199,25,03,60,273,36,04,46,160,28,11,46,193,33*7D
144: $GPGSV,3,2,12,12,06,015,14,14,23,051,24,17,29,304,37,19,28,226,27*76
144: $GPGSV,3,3,12,22,00,092,,23,24,214,19,31,33,102,32,32,77,084,32*75
145: $GPGSV,3,1,12,01,71,199,25,03,60,273,36,04,46,160,30,11,46,193,32*75
145: $GPGSV,3,2,12,12,06,015,13,14,23,051,24,17,29,304,36,19,28,226,25*72
145: $GPGSV,3,3,12,22,00,092,,23,24,214,20,31,33,102,31,32,77,084,32*7C
146: $GPGSV,3,1,12,01,71,199,24,03,60,273,36,04,46,160,30,11,46,193,32*74
146: $GPGSV,3,2,12,12,06,015,13,14,23,051,22,17,29,304,36,19,28,226,26*77
146: $GPGSV,3,3,12,22,00,092,,23,24,214,21,31,33,102,30,32,77,084,32*7C
147: $GPGSV,3,1,12,01,71,199,23,03,60,273,36,04,46,160,31,11,46,193,32*72
147: $GPGSV,3,2,12,12,06,015,13,14,23,051,21,17,29,304,36,19,28,226,27*75
147: $GPGSV,3,3,12,22,00,092,,23,24,214,21,31,33,102,30,32,77,084,31*7F
147: $GPGSV,3,1,12,01,71,199,23,03,60,273,37,04,46,160,33,11,46,193,32*71
148: $GPGSV,3,2,12,12,06,015,11,14,23,051,21,17,29,304,32,19,28,226,27*73
148: $GPGSV,3,3,12,22,00,092,,23,24,214,23,31,33,102,30,32,77,084,31*7D
148: $GPGSV,3,1,12,01,71,199,24,03,60,273,36,04,46,160,32,11,46,193,32*76
148: $GPGSV,3,2,12,12,06,015,09,14,23,051,29,17,29,304,34,19,28,226,29*7A
149: $GPGSV,3,3,12,22,00,092,,23,24,214,23,31,33,102,32,32,77,084,32*7C
149: $GPGSV,3,1,12,01,71,199,24,03,60,273,37,04,46,160,34,11,46,193,31*72
149: $GPGSV,3,2,12,12,06,015,08,14,23,051,28,17,29,304,35,19,28,226,28*7A
149: $GPGSV,3,3,12,22,00,092,,23,24,214,23,31,33,102,32,32,77,084,31*7F
150: $GPGSV,3,1,12,01,71,199,24,03,60,273,37,04,46,160,32,11,46,193,32*77
150: $GPGSV,3,2,12,12,06,015,10,14,23,051,29,17,29,304,35,19,28,226,29*73
150: $GPGSV,3,3,12,22,00,092,,23,24,214,22,31,33,102,32,32,77,084,31*7E
151: $GPGSV,3,1,12,01,71,199,26,03,60,273,37,04,46,160,35,11,46,193,33*73
151: $GPGSV,3,2,12,12,06,015,10,14,23,051,29,17,29,304,34,19,28,226,27*7C
151: $GPGSV,3,3,12,22,00,092,,23,24,214,21,31,33,102,31,32,77,084,31*7E
152: $GPGSV,3,1,12,01,71,199,26,03,60,273,37,04,46,160,34,11,46,193,31*70
152: $GPGSV,3,2,12,12,06,015,10,14,23,051,30,17,29,304,34,19,28,226,27*74
152: $GPGSV,3,3,12,22,00,092,,23,24,214,21,31,33,102,32,32,77,084,31*7D
153: $GPGSV,3,1,12,01,71,199,26,03,60,273,37,04,46,160,33,11,46,193,31*77
153: $GPGSV,3,2,12,12,06,015,09,14,23,051,29,17,29,304,34,19,28,226,26*75
153: $GPGSV,3,3,12,22,00,092,,23,24,214,21,31,33,102,32,32,77,084,31*7D
154: $GPGSV,3,1,12,01,71,199,26,03,60,273,37,04,46,160,33,11,46,193,31*77
154: $GPGSV,3,2,12,12,06,015,10,14,23,051,23,17,29,304,36,19,28,226,26*75
154: $GPGSV,3,3,12,22,00,092,,23,24,214,20,31,33,102,33,32,77,084,31*7D
155: $GPGSV,3,1,12,01,71,199,26,03,60,273,37,04,46,160,34,11,46,193,32*73
155: $GPGSV,3,2,12,12,06,015,10,14,23,051,23,17,29,304,35,19,28,226,27*77
155: $GPGSV,3,3,12,22,00,092,,23,24,214,22,31,33,102,33,32,77,084,30*7E
156: $GPGSV,3,1,12,01,71,199,26,03,60,273,38,04,46,160,35,11,46,193,32*7D
156: $GPGSV,3,2,12,12,06,015,11,14,23,051,25,17,29,304,35,19,28,226,28*7F
156: $GPGSV,3,3,12,22,00,092,,23,24,214,22,31,33,102,32,32,77,084,29*77
157: $GPGSV,3,1,12,01,71,199,26,03,60,273,37,04,46,160,35,11,46,193,29*78
157: $GPGSV,3,2,12,12,06,015,11,14,23,051,23,17,29,304,35,19,28,226,26*77
157: $GPGSV,3,3,12,22,00,092,,23,24,214,20,31,33,102,32,32,77,084,30*7D
158: $GPGSV,3,1,12,01,71,199,26,03,60,273,37,04,46,160,35,11,46,193,30*70
158: $GPGSV,3,2,12,12,06,015,,14,23,051,21,17,29,304,35,19,28,226,23*70
158: $GPGSV,3,3,12,22,00,092,,23,24,214,20,31,33,102,32,32,77,084,30*7D
159: $GPGSV,4,1,13,01,71,199,26,03,60,273,37,04,46,160,35,11,46,193,31*77
159: $GPGSV,4,2,13,12,06,015,,14,23,051,21,17,29,304,34,19,28,226,20*74
159: $GPGSV,4,3,13,22,00,092,,23,24,214,20,25,00,050,,31,33,102,31*74
159: $GPGSV,4,4,13,32,77,084,29*4D
159: $GPGSV,4,1,13,01,71,199,26,03,60,273,37,04,46,160,34,11,46,193,32*75
160: $GPGSV,4,2,13,12,06,015,,14,23,051,21,17,29,304,31,19,28,226,20*71
160: $GPGSV,4,3,13,22,00,092,,23,24,214,18,25,00,050,,31,33,102,35*7B
160: $GPGSV,4,4,13,32,77,084,29*4D
160: $GPGSV,4,1,13,01,71,199,26,03,60,273,37,04,46,160,35,11,46,193,33*75
160: $GPGSV,4,2,13,12,06,015,,14,23,051,21,17,29,304,32,19,28,226,21*73
161: $GPGSV,4,3,13,22,00,092,,23,24,214,18,25,00,050,,31,33,102,34*7A
161: $GPGSV,4,4,13,32,77,084,28*4C
161: $GPGSV,4,1,13,01,71,199,25,03,60,273,37,04,46,160,34,11,46,193,33*77
161: $GPGSV,4,2,13,12,06,015,,14,23,051,21,17,29,304,32,19,28,226,21*73
162: $GPGSV,4,3,13,22,00,092,,23,24,214,18,25,00,050,,31,33,102,34*7A
162: $GPGSV,4,4,13,32,77,084,28*4C
162: $GPGSV,4,1,13,01,71,199,25,03,60,273,38,04,46,160,35,11,46,193,33*79
162: $GPGSV,4,2,13,12,06,015,,14,23,051,21,17,29,304,33,19,28,226,23*70
162: $GPGSV,4,3,13,22,00,092,,23,24,214,18,25,00,050,,31,33,102,34*7A
163: $GPGSV,4,4,13,32,77,084,28*4C
163: $GPGSV,4,1,13,01,71,199,24,03,60,273,38,04,46,160,35,11,46,193,33*78
163: $GPGSV,4,2,13,12,06,015,,14,23,051,21,17,29,304,33,19,28,226,22*71
163: $GPGSV,4,3,13,22,00,092,,23,24,214,19,25,00,050,,31,33,102,34*7B
164: $GPGSV,4,4,13,32,77,084,28*4C
164: $GPGSV,4,1,13,01,71,199,23,03,60,273,38,04,46,160,35,11,46,193,34*78
164: $GPGSV,4,2,13,12,06,015,,14,23,051,20,17,29,304,33,19,28,226,29*7B
164: $GPGSV,4,3,13,22,00,092,,23,24,214,21,25,00,050,,31,33,102,35*71
164: $GPGSV,4,4,13,32,77,084,28*4C
165: $GPGSV,4,1,13,01,71,199,23,03,60,273,39,04,46,160,34,11,46,193,34*78
165: $GPGSV,4,2,13,12,06,015,,14,23,051,19,17,29,304,33,19,28,226,29*71
165: $GPGSV,4,3,13,22,00,092,,23,24,214,22,25,00,050,,31,33,102,34*73
165: $GPGSV,4,4,13,32,77,084,28*4C
166: $GPGSV,4,1,13,01,71,199,25,03,60,273,38,04,46,160,34,11,46,193,34*7F
166: $GPGSV,4,2,13,12,06,015,,14,23,051,19,17,29,304,36,19,28,226,28*75
166: $GPGSV,4,3,13,22,00,092,,23,24,214,22,25,00,050,,31,33,102,35*72
166: $GPGSV,4,4,13,32,77,084,28*4C
167: $GPGSV,4,1,13,01,71,199,25,03,60,273,38,04,46,160,34,11,46,193,34*7F
167: $GPGSV,4,2,13,12,06,015,,14,23,051,20,17,29,304,36,19,28,226,27*70
167: $GPGSV,4,3,13,22,00,092,,23,24,214,20,25,00,050,,31,33,102,33*76
167: $GPGSV,4,4,13,32,77,084,27*43
168: $GPGSV,4,1,13,01,71,199,25,03,60,273,39,04,46,160,35,11,46,193,33*78
168: $GPGSV,4,2,13,12,06,015,,14,23,051,33,17,29,304,33,19,28,226,27*77
168: $GPGSV,4,3,13,22,00,092,,23,24,214,21,25,00,050,,31,33,102,30*74
168: $GPGSV,4,4,13,32,77,084,26*42
169: $GPGSV,4,1,13,01,71,199,22,03,60,273,39,04,46,160,34,11,46,193,33*7E
169: $GPGSV,4,2,13,12,06,015,,14,23,051,33,17,29,304,28,19,28,226,29*73
169: $GPGSV,4,3,13,22,00,092,,23,24,214,23,25,00,050,,31,33,102,31*77
169: $GPGSV,4,4,13,32,77,084,25*41
170: $GPGSV,4,1,13,01,71,199,19,03,60,273,38,04,46,160,34,11,46,193,33*77
170: $GPGSV,4,2,13,12,06,015,,14,23,051,32,17,29,304,27,19,28,226,32*77
170: $GPGSV,4,3,13,22,00,092,,23,24,214,30,25,00,050,,31,33,102,32*76
170: $GPGSV,4,4,13,32,77,084,25*41
171: $GPGSV,4,1,13,01,71,199,17,03,60,273,38,04,46,160,35,11,46,193,34*7F
171: $GPGSV,4,2,13,12,06,015,,14,23,051,32,17,29,304,25,19,28,226,32*75
171: $GPGSV,4,3,13,22,00,092,,23,24,214,22,25,00,050,,31,33,102,33*74
171: $GPGSV,4,4,13,32,77,084,25*41
172: $GPGSV,4,1,13,01,71,199,17,03,60,273,38,04,46,160,34,11,46,193,33*79
172: $GPGSV,4,2,13,12,06,015,,14,23,051,32,17,29,304,28,19,28,226,31*7B
172: $GPGSV,4,3,13,22,00,092,,23,24,214,26,25,00,050,,31,33,102,32*71
172: $GPGSV,4,4,13,32,77,084,25*41
173: $GPGSV,4,1,13,01,71,199,18,03,60,273,39,04,46,160,33,11,46,193,33*70
173: $GPGSV,4,2,13,12,06,015,,14,23,051,28,17,29,304,33,19,28,226,30*7B
173: $GPGSV,4,3,13,22,00,092,,23,24,214,24,25,00,050,,31,33,102,32*73
173: $GPGSV,4,4,13,32,77,084,25*41
174: $GPGSV,4,1,13,01,71,199,16,03,60,273,38,04,46,160,34,11,46,193,32*79
174: $GPGSV,4,2,13,12,06,015,,14,23,051,29,17,29,304,34,19,28,226,31*7C
174: $GPGSV,4,3,13,22,00,092,,23,24,214,26,25,00,050,,31,33,102,32*71
174: $GPGSV,4,4,13,32,77,084,26*42
175: $GPGSV,4,1,13,01,71,199,15,03,60,273,38,04,46,160,29,11,46,193,31*75
175: $GPGSV,4,2,13,12,06,015,,14,23,051,28,17,29,304,34,19,28,226,29*74
175: $GPGSV,4,3,13,22,00,092,,23,24,214,25,25,00,050,,31,33,102,33*73
175: $GPGSV,4,4,13,32,77,084,27*43
176: $GPGSV,4,1,13,01,71,199,,03,60,273,37,04,46,160,31,11,46,193,32*74
176: $GPGSV,4,2,13,12,06,015,,14,23,051,28,17,29,304,29,19,28,226,23*72
176: $GPGSV,4,3,13,22,00,092,13,23,24,214,23,25,00,050,,31,33,102,34*70
176: $GPGSV,4,4,13,32,77,084,27*43
177: $GPGSV,4,1,13,01,71,199,22,03,60,273,37,04,46,160,32,11,46,193,32*77
177: $GPGSV,4,2,13,12,06,015,,14,23,051,28,17,29,304,31,19,28,226,25*7D
177: $GPGSV,4,3,13,22,00,092,12,23,24,214,22,25,00,050,,31,33,102,33*77
177: $GPGSV,4,4,13,32,77,084,27*43
177: $GPGSV,4,1,13,01,71,198,21,03,60,273,37,04,46,160,33,11,46,193,29*7E
178: $GPGSV,4,2,13,12,06,015,,14,23,051,28,17,29,304,31,19,28,226,26*7E
178: $GPGSV,4,3,13,22,00,092,08,23,24,214,22,25,00,050,,31,33,102,30*7F
178: $GPGSV,4,4,13,32,77,084,29*4D
178: $GPGSV,4,1,13,01,71,198,21,03,60,273,37,04,46,160,32,11,46,193,29*7F
179: $GPGSV,4,2,13,12,06,015,,14,23,051,28,17,29,304,32,19,28,226,26*7D
179: $GPGSV,4,3,13,22,00,092,07,23,24,214,23,25,00,050,,31,33,102,28*78
179: $GPGSV,4,4,13,32,77,084,29*4D
179: $GPGSV,4,1,13,01,71,198,22,03,61,273,36,04,46,160,32,11,46,193,28*7D
179: $GPGSV,4,2,13,12,06,015,,14,23,051,28,17,29,304,32,19,28,226,24*7F
180: $GPGSV,4,3,13,22,00,092,07,23,24,214,21,25,00,050,,31,33,102,28*7A
180: $GPGSV,4,4,13,32,77,084,30*45
180: $GPGSV,4,1,13,01,71,198,23,03,61,273,36,04,46,160,27,11,46,193,28*78
180: $GPGSV,4,2,13,12,06,015,,14,23,051,27,17,29,304,33,19,28,226,23*76
180: $GPGSV,4,3,13,22,00,092,09,23,24,214,20,25,00,050,,31,33,102,28*75
181: $GPGSV,4,4,13,32,77,084,30*45
181: $GPGSV,4,1,13,01,71,198,23,03,61,273,36,04,46,160,28,11,46,193,29*76
181: $GPGSV,4,2,13,12,06,015,,14,23,051,25,17,29,304,34,19,28,226,23*73
181: $GPGSV,4,3,13,22,00,092,,23,24,214,21,25,00,050,,31,33,102,33*77
182: $GPGSV,4,4,13,32,77,084,30*45
182: $GPGSV,4,1,13,01,71,198,22,03,61,273,37,04,46,160,29,11,46,193,29*77
182: $GPGSV,4,2,13,12,06,015,,14,23,051,24,17,29,304,33,19,28,226,24*72
182: $GPGSV,4,3,13,22,00,092,,23,24,214,20,25,00,050,,31,33,102,32*77
183: $GPGSV,4,4,13,32,77,084,29*4D
183: $GPGSV,4,1,13,01,71,198,23,03,61,273,37,04,46,160,30,11,46,193,29*7E
183: $GPGSV,4,2,13,12,06,015,,14,23,051,22,17,29,304,33,19,28,226,26*76
183: $GPGSV,4,3,13,22,00,092,,23,24,214,19,25,00,050,,31,33,102,32*7D
183: $GPGSV,4,4,13,32,77,084,29*4D
184: $GPGSV,4,1,13,01,71,198,21,03,61,273,37,04,46,160,33,11,46,193,30*77
184: $GPGSV,4,2,13,12,06,015,,14,23,051,23,17,29,304,31,19,28,226,25*76
184: $GPGSV,4,3,13,22,00,092,,23,24,214,18,25,00,050,,31,33,102,31*7F
184: $GPGSV,4,4,13,32,77,084,29*4D
185: $GPGSV,4,1,13,01,71,198,20,03,61,273,37,04,46,160,33,11,46,193,29*7E
185: $GPGSV,4,2,13,12,06,015,,14,23,051,24,17,29,304,31,19,28,226,26*72
185: $GPGSV,4,3,13,22,00,092,,23,24,214,20,25,00,050,,31,33,102,31*74
185: $GPGSV,4,4,13,32,77,084,30*45
186: $GPGSV,4,1,13,01,71,198,20,03,61,273,37,04,46,160,35,11,46,193,30*70
186: $GPGSV,4,2,13,12,06,015,,14,23,051,25,17,29,304,35,19,28,226,25*74
186: $GPGSV,4,3,13,22,00,092,,23,24,214,20,25,00,050,,31,33,102,31*74
186: $GPGSV,4,4,13,32,77,084,30*45
187: $GPGSV,4,1,13,01,71,198,21,03,61,273,37,04,46,160,32,11,45,193,30*75
187: $GPGSV,4,2,13,12,06,015,,14,23,051,31,17,29,304,34,19,28,226,25*70
187: $GPGSV,4,3,13,22,00,092,,23,24,214,21,25,00,050,,31,33,102,31*75
187: $GPGSV,4,4,13,32,77,084,30*45
188: $GPGSV,4,1,13,01,71,198,22,03,61,273,37,04,46,160,31,11,45,193,30*75
188: $GPGSV,4,2,13,12,06,015,,14,23,051,32,17,29,304,35,19,28,226,27*70
188: $GPGSV,4,3,13,22,00,092,,23,24,214,22,25,00,050,,31,33,102,32*75
188: $GPGSV,4,4,13,32,77,084,29*4D
189: $GPGSV,4,1,13,01,71,198,22,03,61,273,37,04,46,160,32,11,45,193,29*7E
189: $GPGSV,4,2,13,12,06,015,,14,23,051,32,17,29,304,35,19,28,226,26*71
189: $GPGSV,4,3,13,22,00,092,,23,24,214,22,25,00,050,,31,33,102,33*74
189: $GPGSV,4,4,13,32,77,084,30*45
190: $GPGSV,4,1,13,01,71,198,22,03,61,273,37,04,46,160,33,11,45,193,29*7F
190: $GPGSV,4,2,13,12,06,015,,14,23,051,32,17,29,304,35,19,28,226,26*71
190: $GPGSV,4,3,13,22,00,092,,23,24,214,22,25,00,050,,31,33,102,33*74
190: $GPGSV,4,4,13,32,77,084,30*45
191: $GPGSV,4,1,13,01,71,198,20,03,61,273,37,04,46,160,31,11,45,193,30*77
191: $GPGSV,4,2,13,12,06,015,,14,23,051,31,17,29,304,35,19,28,226,31*74
191: $GPGSV,4,3,13,22,00,092,,23,24,214,21,25,00,050,,31,33,102,32*76
191: $GPGSV,4,4,13,32,77,084,30*45
192: $GPGSV,4,1,13,01,71,198,20,03,61,273,37,04,46,160,32,11,45,193,31*75
192: $GPGSV,4,2,13,12,06,015,,14,23,051,26,17,29,304,34,19,28,226,25*76
192: $GPGSV,4,3,13,22,00,092,,23,24,214,20,25,00,050,,31,33,102,31*74
192: $GPGSV,4,4,13,32,77,084,29*4D
193: $GPGSV,4,1,13,01,71,198,21,03,61,273,36,04,46,160,29,11,45,193,31*7F
193: $GPGSV,4,2,13,12,06,015,,14,23,051,27,17,29,303,34,19,28,226,23*76
193: $GPGSV,4,3,13,22,00,092,,23,24,214,20,25,00,050,,31,33,102,31*74
193: $GPGSV,4,4,13,32,77,084,30*45
193: $GPGSV,4,1,13,01,71,198,22,03,61,273,36,04,46,160,29,11,45,193,31*7C
194: $GPGSV,4,2,13,12,06,015,,14,23,051,28,17,29,303,34,19,28,226,21*7B
194: $GPGSV,4,3,13,22,00,092,,23,24,214,19,25,00,050,,31,33,102,31*7E
194: $GPGSV,4,4,13,32,77,084,31*44
194: $GPGSV,4,1,13,01,71,198,23,03,61,273,36,04,46,160,30,11,45,193,32*76
194: $GPGSV,4,2,13,12,06,015,,14,23,051,32,17,29,303,37,19,28,225,23*72
195: $GPGSV,4,3,13,22,00,092,,23,24,214,19,25,00,050,,31,33,102,30*7F
195: $GPGSV,4,4,13,32,77,084,32*47
195: $GPGSV,4,1,13,01,71,198,24,03,61,273,36,04,46,160,29,11,45,193,31*7A
195: $GPGSV,4,2,13,12,06,015,,14,23,051,32,17,29,303,36,19,28,225,23*73
195: $GPGSV,4,3,13,22,00,092,,23,24,214,18,25,00,050,,31,33,102,28*77
196: $GPGSV,4,4,13,32,77,084,32*47
196: $GPGSV,4,1,13,01,71,198,30,03,61,273,33,04,46,160,23,11,45,193,30*71
196: $GPGSV,4,2,13,12,06,015,,14,23,051,32,17,29,303,27,19,28,225,23*73
196: $GPGSV,4,3,13,22,00,092,,23,24,214,18,25,00,050,,31,33,102,29*76
196: $GPGSV,4,4,13,32,77,084,27*43
197: $GPGSV,4,1,13,01,71,198,30,03,61,273,36,04,46,160,24,11,45,193,30*73
197: $GPGSV,4,2,13,12,06,015,,14,23,051,32,17,29,303,36,19,28,225,25*75
197: $GPGSV,4,3,13,22,00,092,,23,24,214,18,25,00,050,,31,33,102,30*7E
197: $GPGSV,4,4,13,32,77,084,32*47
198: $GPGSV,4,1,13,01,71,198,30,03,61,273,36,04,46,160,24,11,45,193,30*73
198: $GPGSV,4,2,13,12,06,015,,14,23,051,32,17,29,303,36,19,28,225,28*78
198: $GPGSV,4,3,13,22,00,092,,23,25,214,18,25,00,050,,31,33,102,31*7E
198: $GPGSV,4,4,13,32,77,084,31*44
199: $GPGSV,4,1,13,01,71,198,30,03,61,273,36,04,46,160,26,11,45,193,30*71
199: $GPGSV,4,2,13,12,06,015,,14,23,051,32,17,29,303,36,19,28,225,29*79
199: $GPGSV,4,3,13,22,00,092,,23,25,214,20,25,00,050,,31,33,102,31*75
199: $GPGSV,4,4,13,32,77,084,32*47
200: $GPGSV,4,1,13,01,71,198,31,03,61,273,35,04,46,160,27,11,45,193,30*72
200: $GPGSV,4,2,13,12,06,015,,14,23,051,32,17,29,303,36,19,28,225,30*71
200: $GPGSV,4,3,13,22,00,092,,23,25,214,21,25,00,049,,31,33,102,30*7D
200: $GPGSV,4,4,13,32,77,084,32*47
201: $GPGSV,4,1,13,01,71,198,30,03,61,273,36,04,46,160,25,11,45,193,32*70
201: $GPGSV,4,2,13,12,06,015,,14,23,051,32,17,29,303,36,19,28,225,28*78
201: $GPGSV,4,3,13,22,00,092,,23,25,214,23,25,00,049,,31,33,102,30*7F
201: $GPGSV,4,4,13,32,77,084,33*46
202: $GPGSV,4,1,13,01,71,198,30,03,61,273,36,04,46,160,25,11,45,193,31*73
202: $GPGSV,4,2,13,12,06,015,20,14,23,051,32,17,29,303,35,19,28,225,27*76
202: $GPGSV,4,3,13,22,00,092,,23,25,214,22,25,00,049,,31,33,102,30*7E
202: $GPGSV,4,4,13,32,77,084,32*47
203: $GPGSV,4,1,13,01,71,198,29,03,61,273,36,04,46,160,26,11,45,193,31*78
203: $GPGSV,4,2,13,12,06,015,21,14,23,051,31,17,29,303,36,19,28,225,33*72
203: $GPGSV,4,3,13,22,00,092,,23,25,214,20,25,00,049,,31,33,102,30*7C
203: $GPGSV,4,4,13,32,77,084,32*47
204: $GPGSV,4,1,13,01,71,198,29,03,61,273,36,04,46,160,27,11,45,193,31*79
204: $GPGSV,4,2,13,12,06,015,20,14,23,051,30,17,29,303,35,19,28,225,27*74
204: $GPGSV,4,3,13,22,00,092,,23,25,214,22,25,00,049,,31,33,102,30*7E
204: $GPGSV,4,4,13,32,77,084,32*47
205: $GPGSV,4,1,13,01,71,198,29,03,61,273,35,04,46,160,28,11,45,193,31*75
205: $GPGSV,4,2,13,12,06,015,20,14,23,051,30,17,29,303,35,19,28,225,32*70
205: $GPGSV,4,3,13,22,00,092,,23,25,214,23,25,00,049,,31,33,102,30*7F
205: $GPGSV,4,4,13,32,77,084,32*47
206: $GPGSV,4,1,13,01,71,198,29,03,61,273,35,04,46,160,28,11,45,193,30*74
206: $GPGSV,4,2,13,12,06,015,21,14,23,051,31,17,29,303,35,19,28,225,31*73
206: $GPGSV,4,3,13,22,00,092,12,23,25,214,24,25,00,049,,31,33,102,28*72
206: $GPGSV,4,4,13,32,77,084,31*44
207: $GPGSV,4,1,13,01,71,198,29,03,61,273,37,04,46,160,29,11,45,193,30*77
207: $GPGSV,4,2,13,12,06,015,20,14,23,051,31,17,29,303,35,19,28,225,31*72
207: $GPGSV,4,3,13,22,00,092,12,23,25,214,22,25,00,049,,31,33,102,28*74
207: $GPGSV,4,4,13,32,77,084,32*47
207: $GPGSV,4,1,13,01,71,198,28,03,61,273,36,04,46,160,29,11,45,193,30*77
208: $GPGSV,4,2,13,12,06,015,20,14,23,051,31,17,29,303,35,19,28,225,29*7B
208: $GPGSV,4,3,13,22,00,092,12,23,25,214,22,25,00,049,,31,33,102,28*74
208: $GPGSV,4,4,13,32,77,084,32*47
208: $GPGSV,4,1,13,01,71,198,28,03,61,273,36,04,46,160,29,11,45,193,29*7F
208: $GPGSV,4,2,13,12,06,015,21,14,23,051,30,17,29,303,36,19,28,225,29*78
209: $GPGSV,4,3,13,22,00,092,12,23,25,214,20,25,00,049,,31,33,102,29*77
209: $GPGSV,4,4,13,32,77,084,32*47
