0: $GPGSA,A,3,32,01,03,04,11,19,17,14,23,31,12,25,1.44,0.87,1.15*02
1: $GPGSA,A,3,32,01,03,04,11,19,17,14,23,31,12,25,1.40,0.82,1.13*05
2: $GPGSA,A,3,32,01,03,04,11,19,17,14,23,31,12,25,1.40,0.82,1.13*05
3: $GPGSA,A,3,32,01,03,04,11,19,17,14,23,31,12,25,1.58,0.89,1.31*07
4: $GPGSA,A,3,32,01,03,04,11,19,17,14,23,12,25,,1.44,0.87,1.15*00
5: $GPGSA,A,3,32,01,03,04,11,19,17,14,23,12,25,,1.44,0.87,1.15*00
6: $GPGSA,A,3,32,01,03,04,11,19,17,14,23,12,25,,1.44,0.87,1.15*00
7: $GPGSA,A,3,32,01,03,04,11,19,17,14,23,31,12,25,1.44,0.87,1.15*02
8: $GPGSA,A,3,32,01,03,04,11,19,17,14,23,31,12,25,1.44,0.87,1.15*02
9: $GPGSA,A,3,32,01,03,04,11,19,17,14,23,31,12,25,1.44,0.87,1.15*02
10: $GPGSA,A,3,32,01,03,04,11,19,17,14,23,31,12,25,1.44,0.87,1.15*02
11: $GPGSA,A,3,32,01,03,04,11,19,17,14,23,31,12,25,1.39,0.82,1.13*0B
12: $GPGSA,A,3,32,01,03,04,11,19,17,14,23,31,12,25,1.44,0.87,1.15*02
13: $GPGSA,A,3,32,01,03,04,11,19,17,14,23,31,12,25,1.39,0.82,1.13*0B
14: $GPGSA,A,3,32,01,03,04,11,19,17,14,23,31,12,25,1.39,0.82,1.13*0B
15: $GPGSA,A,3,32,01,03,04,11,19,17,14,23,31,12,25,1.39,0.82,1.13*0B
16: $GPGSA,A,3,32,01,03,04,11,19,17,14,23,31,12,25,1.39,0.82,1.13*0B
17: $GPGSA,A,3,32,01,03,04,11,19,17,14,23,31,12,25,1.39,0.82,1.13*0B
18: $GPGSA,A,3,32,01,03,04,11,19,17,14,23,31,12,25,1.39,0.82,1.13*0B
19: $GPGSA,A,3,32,01,03,04,11,19,17,14,23,31,12,25,1.39,0.82,1.13*0B
20: $GPGSA,A,3,32,01,03,04,11,19,17,14,23,31,12,25,1.39,0.82,1.13*0B
21: $GPGSA,A,3,32,01,03,04,11,19,17,14,23,31,12,25,1.39,0.82,1.13*0B
22: $GPGSA,A,3,32,01,03,04,11,19,17,14,23,31,12,25,1.39,0.82,1.13*0B
23: $GPGSA,A,3,32,01,03,04,11,19,17,14,23,31,12,,1.45,0.84,1.18*0A
24: $GPGSA,A,3,32,01,03,04,11,19,17,14,23,31,12,,1.45,0.84,1.18*0A
25: $GPGSA,A,3,32,01,03,04,11,19,17,14,23,31,12,,1.45,0.84,1.18*0A
26: $GPGSA,A,3,32,01,03,04,19,17,14,23,31,12,,,1.49,0.88,1.20*01
27: $GPGSA,A,3,32,01,03,04,11,19,17,14,23,31,,,1.62,0.98,1.29*03
28: $GPGSA,A,3,32,01,03,04,11,19,17,14,23,31,,,1.62,0.98,1.29*03
29: $GPGSA,A,3,32,01,03,04,11,19,17,14,23,31,12,,1.45,0.84,1.18*0A
30: $GPGSA,A,3,32,01,03,04,11,19,17,14,23,31,12,,1.45,0.84,1.18*0A
31: $GPGSA,A,3,32,01,03,04,11,19,17,14,23,31,25,,1.58,0.93,1.27*08
32: $GPGSA,A,3,32,01,03,04,11,19,17,14,23,31,25,,1.46,0.89,1.16*0E
33: $GPGSA,A,3,32,01,03,04,11,19,17,14,23,25,,,1.50,0.93,1.18*0E
34: $GPGSA,A,3,32,01,03,04,11,19,17,14,23,12,25,,1.44,0.87,1.15*00
35: $GPGSA,A,3,32,01,03,04,11,19,17,14,23,12,,,1.49,0.90,1.19*00
36: $GPGSA,A,3,32,01,03,04,11,19,17,14,23,12,,,1.49,0.90,1.19*00
37: $GPGSA,A,3,32,01,03,04,11,19,17,14,23,12,,,1.49,0.90,1.19*00
38: $GPGSA,A,3,32,01,03,04,11,19,17,14,23,12,,,1.61,0.98,1.28*00
39: $GPGSA,A,3,32,01,03,04,11,19,17,14,23,31,,,1.61,0.98,1.28*01
40: $GPGSA,A,3,32,01,03,04,11,19,17,14,23,31,,,1.61,0.98,1.28*01
41: $GPGSA,A,3,32,01,03,04,11,19,17,23,31,,,,2.89,1.66,2.36*0D
42: $GPGSA,A,3,32,01,03,04,11,19,17,14,23,31,,,2.89,1.66,2.36*08
43: $GPGSA,A,3,32,01,03,04,11,19,17,14,23,31,,,2.20,1.16,1.87*05
44: $GPGSA,A,3,32,01,03,04,11,19,17,14,23,31,,,1.58,0.93,1.27*0F
45: $GPGSA,A,3,32,01,03,04,11,19,17,14,23,31,,,1.58,0.93,1.27*0F
46: $GPGSA,A,3,32,01,03,04,11,19,17,14,23,31,25,,1.58,0.93,1.27*08
47: $GPGSA,A,3,32,01,03,04,11,19,17,14,23,31,25,,1.58,0.93,1.27*08
48: $GPGSA,A,3,32,01,03,04,11,19,17,14,23,31,25,,1.46,0.89,1.16*0E
49: $GPGSA,A,3,32,01,03,04,11,19,17,14,23,31,25,,1.46,0.89,1.16*0E
50: $GPGSA,A,3,32,01,03,04,11,19,17,14,23,31,12,25,1.46,0.89,1.16*0D
51: $GPGSA,A,3,32,01,03,04,11,19,17,14,23,31,12,25,1.46,0.89,1.16*0D
52: $GPGSA,A,3,32,01,03,04,11,19,17,14,23,31,12,25,1.46,0.89,1.16*0D
53: $GPGSA,A,3,32,01,03,04,11,19,17,14,23,31,12,,1.58,0.93,1.27*0C
54: $GPGSA,A,3,32,01,03,04,11,19,17,14,23,31,12,,1.57,0.93,1.27*03
55: $GPGSA,A,3,32,01,03,04,11,19,17,14,23,31,12,,1.59,0.91,1.31*08
56: $GPGSA,A,3,32,01,03,04,11,19,17,14,23,31,12,,1.59,0.91,1.31*08
57: $GPGSA,A,3,32,01,03,04,11,19,17,23,31,12,,,1.59,0.91,1.31*0D
58: $GPGSA,A,3,32,01,03,04,11,19,17,23,31,,,,2.20,1.16,1.87*00
59: $GPGSA,A,3,32,01,03,04,11,19,17,23,31,12,,,1.59,0.91,1.31*0D
60: $GPGSA,A,3,32,01,03,04,11,19,17,14,23,31,,,2.20,1.16,1.87*05
61: $GPGSA,A,3,32,01,03,04,11,19,17,14,23,31,,,2.20,1.16,1.87*05
62: $GPGSA,A,3,32,01,03,04,11,19,17,14,23,31,25,,2.20,1.16,1.87*02
63: $GPGSA,A,3,32,01,03,04,11,19,17,14,23,31,25,,1.57,0.93,1.27*07
64: $GPGSA,A,3,32,01,03,04,11,19,17,14,23,31,25,,1.57,0.93,1.27*07
65: $GPGSA,A,3,32,01,03,04,11,19,17,14,23,31,25,,1.57,0.93,1.27*07
66: $GPGSA,A,3,32,01,03,04,11,19,17,14,23,31,25,,1.46,0.89,1.15*0D
67: $GPGSA,A,3,32,01,03,04,11,19,17,14,23,31,12,25,1.46,0.89,1.15*0E
68: $GPGSA,A,3,32,01,03,04,11,19,17,14,23,31,12,25,1.46,0.89,1.15*0E
69: $GPGSA,A,3,32,01,03,04,11,19,17,14,23,31,12,,1.57,0.93,1.27*03
70: $GPGSA,A,3,32,01,03,04,11,19,17,14,23,31,12,,1.57,0.93,1.27*03
71: $GPGSA,A,3,32,01,03,04,11,19,17,14,23,31,,,1.57,0.93,1.27*00
72: $GPGSA,A,3,32,01,03,04,11,19,17,14,23,31,25,,1.57,0.93,1.27*07
73: $GPGSA,A,3,32,01,03,04,11,19,17,14,23,31,,,1.57,0.93,1.27*00
74: $GPGSA,A,3,32,01,03,04,11,19,17,14,23,31,,,1.57,0.93,1.27*00
75: $GPGSA,A,3,32,01,03,04,11,19,17,14,23,31,,,1.57,0.93,1.27*00
76: $GPGSA,A,3,32,01,03,04,11,19,17,14,23,31,,,1.57,0.93,1.27*00
77: $GPGSA,A,3,32,01,03,04,11,19,17,14,23,31,25,,1.57,0.93,1.27*07
78: $GPGSA,A,3,32,01,03,04,11,19,17,14,23,31,12,25,1.57,0.93,1.27*04
79: $GPGSA,A,3,32,01,03,04,11,19,17,14,23,31,12,25,1.57,0.93,1.27*04
80: $GPGSA,A,3,32,01,03,04,11,19,17,14,23,31,12,,1.57,0.93,1.27*03
81: $GPGSA,A,3,32,01,03,04,11,19,17,14,23,31,12,,1.57,0.93,1.27*03
82: $GPGSA,A,3,32,01,03,04,11,19,17,14,23,31,,,1.57,0.93,1.27*00
83: $GPGSA,A,3,32,01,03,04,11,19,17,14,23,31,,,1.57,0.93,1.27*00
84: $GPGSA,A,3,32,01,03,04,11,19,17,14,23,31,,,1.57,0.93,1.26*01
85: $GPGSA,A,3,32,01,03,04,11,19,17,14,23,31,,,1.57,0.93,1.26*01
86: $GPGSA,A,3,32,03,04,11,19,17,14,23,31,,,,1.63,0.94,1.33*04
87: $GPGSA,A,3,32,03,04,11,19,17,14,23,31,,,,1.63,0.94,1.33*04
88: $GPGSA,A,3,32,01,03,04,11,19,17,14,23,31,,,1.63,0.94,1.33*05
89: $GPGSA,A,3,32,03,04,11,19,17,14,23,31,,,,1.63,0.94,1.33*04
90: $GPGSA,A,3,32,03,04,11,19,17,14,23,31,,,,1.63,0.94,1.33*04
91: $GPGSA,A,3,32,01,03,04,11,19,17,14,23,31,,,1.63,0.94,1.33*05
92: $GPGSA,A,3,32,01,03,04,11,19,17,14,23,31,,,1.63,0.94,1.33*05
93: $GPGSA,A,3,32,03,04,11,19,17,14,23,31,,,,1.63,0.94,1.33*04
94: $GPGSA,A,3,32,03,04,11,19,17,14,23,31,,,,1.63,0.94,1.33*04
95: $GPGSA,A,3,32,01,03,04,11,19,17,14,23,31,,,1.63,0.94,1.33*05
96: $GPGSA,A,3,32,01,03,04,11,19,17,14,23,31,,,1.63,0.94,1.33*05
97: $GPGSA,A,3,32,03,04,11,19,17,14,23,31,,,,1.63,0.94,1.33*04
98: $GPGSA,A,3,32,01,03,04,11,19,17,14,23,31,,,1.63,0.94,1.33*05
99: $GPGSA,A,3,32,01,03,04,11,19,17,14,23,31,,,2.43,1.23,2.10*0B
100: $GPGSA,A,3,32,01,03,04,11,19,17,14,23,31,,,2.43,1.23,2.10*0B
101: $GPGSA,A,3,32,01,03,04,11,19,17,14,23,31,,,1.57,0.93,1.26*01
102: $GPGSA,A,3,32,01,03,04,11,19,17,14,23,31,25,,1.57,0.93,1.26*06
103: $GPGSA,A,3,32,01,03,04,11,19,17,14,23,31,25,,1.57,0.93,1.26*06
104: $GPGSA,A,3,32,03,04,11,19,17,14,23,31,25,,,1.49,0.89,1.20*05
105: $GPGSA,A,3,32,03,04,11,19,17,14,23,31,12,25,,1.49,0.89,1.20*06
106: $GPGSA,A,3,32,01,03,04,11,19,17,14,23,31,12,25,1.49,0.89,1.20*07
107: $GPGSA,A,3,32,01,03,04,11,19,17,14,23,31,12,25,1.49,0.89,1.20*07
108: $GPGSA,A,3,32,01,03,04,11,19,17,14,23,31,12,25,1.42,0.82,1.16*02
109: $GPGSA,A,3,32,03,04,11,19,17,14,23,31,12,25,,1.42,0.82,1.16*03
110: $GPGSA,A,3,32,03,04,11,19,17,14,23,31,12,25,,1.42,0.82,1.16*03
111: $GPGSA,A,3,32,01,03,04,11,19,17,14,23,31,12,25,1.42,0.82,1.16*02
112: $GPGSA,A,3,32,01,03,04,11,19,17,14,23,31,12,25,1.42,0.82,1.16*02
113: $GPGSA,A,3,32,01,03,04,11,19,17,14,23,31,12,,1.47,0.84,1.21*02
114: $GPGSA,A,3,32,01,03,04,11,19,17,14,23,31,12,,1.43,0.84,1.16*02
115: $GPGSA,A,3,32,01,03,04,11,19,17,14,23,31,,,1.57,0.93,1.26*01
116: $GPGSA,A,3,32,01,03,04,11,19,17,14,23,31,,,1.57,0.93,1.26*01
117: $GPGSA,A,3,32,03,04,11,19,17,14,23,31,,,,1.63,0.94,1.33*04
118: $GPGSA,A,3,32,03,04,11,19,17,14,23,31,,,,1.63,0.94,1.33*04
119: $GPGSA,A,3,32,03,04,11,19,17,14,23,31,,,,1.63,0.94,1.33*04
120: $GPGSA,A,3,32,01,03,04,11,19,17,14,23,31,,,1.63,0.94,1.33*05
121: $GPGSA,A,3,32,01,03,04,11,19,17,23,31,,,,2.43,1.23,2.09*06
122: $GPGSA,A,3,32,01,03,04,11,19,17,14,23,31,,,2.43,1.23,2.09*03
123: $GPGSA,A,3,32,01,03,04,11,19,17,14,23,31,,,2.42,1.23,2.09*02
124: $GPGSA,A,3,32,03,04,11,19,17,14,23,31,,,,2.42,1.23,2.09*03
125: $GPGSA,A,3,32,01,03,04,11,19,17,14,23,31,25,,1.63,0.94,1.33*02
126: $GPGSA,A,3,32,01,03,04,11,19,17,14,23,31,25,,1.63,0.94,1.33*02
127: $GPGSA,A,3,32,03,04,11,19,17,14,23,31,,,,1.63,0.94,1.33*04
128: $GPGSA,A,3,32,03,04,11,19,17,14,23,31,,,,1.63,0.94,1.32*05
129: $GPGSA,A,3,32,01,03,04,11,17,14,23,31,,,,1.81,0.99,1.51*08
130: $GPGSA,A,3,32,01,03,04,11,19,17,14,23,31,,,1.81,0.99,1.51*00
131: $GPGSA,A,3,32,01,03,04,11,19,17,14,23,31,,,1.81,0.99,1.51*00
132: $GPGSA,A,3,32,01,03,04,11,19,17,14,23,31,,,1.76,0.98,1.46*0F
133: $GPGSA,A,3,32,01,03,04,11,17,14,23,31,,,,1.76,0.98,1.46*07
134: $GPGSA,A,3,32,01,03,04,11,19,17,14,23,31,,,1.76,0.98,1.46*0F
135: $GPGSA,A,3,32,01,03,04,11,17,14,23,31,,,,1.76,0.98,1.46*07
136: $GPGSA,A,3,32,01,03,04,11,19,17,14,23,31,,,1.76,0.98,1.46*0F
137: $GPGSA,A,3,32,01,03,04,11,19,17,14,23,31,,,1.76,0.98,1.46*0F
138: $GPGSA,A,3,32,01,03,04,11,19,17,14,23,31,,,1.75,0.98,1.46*0C
139: $GPGSA,A,3,32,01,03,04,11,19,17,14,23,31,,,1.56,0.93,1.25*03
140: $GPGSA,A,3,32,01,03,04,11,19,17,14,23,31,,,1.56,0.93,1.25*03
141: $GPGSA,A,3,32,01,03,04,11,19,17,14,23,31,,,1.56,0.93,1.25*03
142: $GPGSA,A,3,32,01,03,04,11,19,17,14,23,31,25,,1.62,0.94,1.32*02
143: $GPGSA,A,3,32,01,03,04,11,19,17,14,23,31,12,25,1.62,0.94,1.32*01
144: $GPGSA,A,3,32,01,03,04,11,19,17,14,23,31,12,25,1.62,0.94,1.32*01
145: $GPGSA,A,3,32,01,03,04,11,19,17,14,23,31,12,25,1.49,0.89,1.19*0D
146: $GPGSA,A,3,32,03,04,11,19,17,14,23,31,25,,,1.49,0.89,1.19*0F
147: $GPGSA,A,3,32,03,04,11,19,17,14,23,31,12,25,,1.41,0.82,1.15*03
148: $GPGSA,A,3,32,03,04,11,19,17,14,23,31,12,25,,1.41,0.82,1.15*03
149: $GPGSA,A,3,32,01,03,04,11,19,17,14,23,31,12,25,1.41,0.82,1.15*02
150: $GPGSA,A,3,32,01,03,04,11,19,17,14,23,31,12,25,1.41,0.82,1.15*02
151: $GPGSA,A,3,32,01,03,04,11,19,17,14,23,31,12,25,1.41,0.82,1.15*02
152: $GPGSA,A,3,32,01,03,04,11,19,17,14,23,31,12,25,1.38,0.82,1.11*08
153: $GPGSA,A,3,32,01,03,04,11,19,17,14,23,31,12,25,1.38,0.82,1.11*08
154: $GPGSA,A,3,32,01,03,04,11,19,17,14,23,31,12,25,1.38,0.82,1.11*08
155: $GPGSA,A,3,32,03,04,11,19,17,14,23,31,12,25,,1.41,0.82,1.15*03
156: $GPGSA,A,3,32,03,04,11,19,17,14,23,31,12,25,,1.41,0.82,1.15*03
157: $GPGSA,A,3,32,03,04,11,19,17,14,23,31,12,25,,1.41,0.82,1.15*03
158: $GPGSA,A,3,32,03,04,11,19,17,14,23,31,12,25,,1.41,0.82,1.15*03
159: $GPGSA,A,3,32,03,04,11,19,17,14,23,31,12,25,,1.41,0.82,1.15*03
160: $GPGSA,A,3,32,03,04,11,19,17,14,23,31,12,25,,1.41,0.82,1.15*03
161: $GPGSA,A,3,32,03,04,11,19,17,14,23,31,12,25,,1.41,0.82,1.15*03
162: $GPGSA,A,3,32,03,04,11,19,17,14,23,31,12,25,,1.41,0.82,1.15*03
163: $GPGSA,A,3,32,03,04,11,19,17,14,23,31,12,25,,1.41,0.82,1.15*03
164: $GPGSA,A,3,32,03,04,11,19,17,14,23,31,12,25,,1.41,0.82,1.15*03
165: $GPGSA,A,3,32,03,04,11,19,17,14,23,31,12,25,,1.41,0.82,1.15*03
166: $GPGSA,A,3,32,03,04,11,19,17,14,23,31,12,25,,1.41,0.82,1.15*03
167: $GPGSA,A,3,32,01,03,04,11,19,17,14,23,31,12,25,1.41,0.82,1.15*02
168: $GPGSA,A,3,32,01,03,04,11,19,17,14,23,31,12,25,1.41,0.82,1.15*02
169: $GPGSA,A,3,32,03,04,11,19,17,14,23,31,12,25,,1.41,0.82,1.15*03
170: $GPGSA,A,3,32,03,04,11,19,17,14,23,31,12,25,,1.41,0.82,1.15*03
171: $GPGSA,A,3,32,01,03,04,11,19,17,14,23,31,12,25,1.38,0.82,1.11*08
172: $GPGSA,A,3,32,01,03,04,11,19,17,14,23,31,12,25,1.38,0.82,1.11*08
173: $GPGSA,A,3,32,01,03,04,11,19,17,14,23,31,12,25,1.38,0.82,1.11*08
174: $GPGSA,A,3,32,01,03,04,11,19,17,14,23,31,12,25,1.38,0.82,1.11*08
175: $GPGSA,A,3,32,01,03,04,11,19,17,14,23,31,12,25,1.38,0.82,1.11*08
176: $GPGSA,A,3,32,01,03,04,11,19,17,14,23,31,12,25,1.38,0.82,1.11*08
177: $GPGSA,A,3,32,01,03,04,11,19,17,14,23,31,12,25,1.38,0.82,1.11*08
178: $GPGSA,A,3,32,03,04,11,19,17,14,23,31,12,25,,1.41,0.82,1.15*03
179: $GPGSA,A,3,32,03,04,11,19,17,14,23,31,12,25,,1.41,0.82,1.15*03
180: $GPGSA,A,3,32,03,04,11,19,17,14,23,31,12,25,,1.41,0.82,1.15*03
181: $GPGSA,A,3,32,01,03,04,11,19,17,14,23,31,12,25,1.41,0.82,1.15*02
182: $GPGSA,A,3,32,01,03,04,11,19,17,14,23,31,12,25,1.41,0.82,1.15*02
183: $GPGSA,A,3,32,01,03,04,11,19,17,14,23,31,12,25,1.38,0.81,1.11*0B
184: $GPGSA,A,3,32,01,03,04,11,19,17,14,23,31,12,25,1.38,0.81,1.11*0B
185: $GPGSA,A,3,32,01,03,04,11,19,17,14,23,31,12,25,1.38,0.81,1.11*0B
186: $GPGSA,A,3,32,01,03,04,11,19,17,14,23,31,12,25,1.41,0.82,1.15*02
187: $GPGSA,A,3,32,01,03,04,11,19,17,14,23,31,12,25,1.38,0.81,1.11*0B
188: $GPGSA,A,3,32,01,03,04,11,19,17,14,23,31,12,25,1.38,0.81,1.11*0B
189: $GPGSA,A,3,32,01,03,04,11,19,17,14,23,31,12,,1.42,0.83,1.15*07
190: $GPGSA,A,3,32,01,03,04,11,19,17,14,23,31,12,,1.42,0.83,1.15*07
191: $GPGSA,A,3,32,01,03,04,11,19,17,14,23,31,12,,1.42,0.83,1.15*07
192: $GPGSA,A,3,32,01,03,04,11,19,17,14,23,31,12,,1.42,0.83,1.15*07
193: $GPGSA,A,3,32,01,03,04,11,19,17,14,23,31,12,25,1.42,0.83,1.15*00
194: $GPGSA,A,3,32,01,03,04,11,19,17,14,23,31,12,25,1.42,0.83,1.15*00
195: $GPGSA,A,3,32,01,03,04,11,19,17,14,23,31,12,25,1.42,0.83,1.15*00
196: $GPGSA,A,3,32,01,03,04,11,19,17,14,23,31,12,25,1.37,0.81,1.11*04
197: $GPGSA,A,3,32,01,03,04,11,19,17,14,23,31,12,25,1.37,0.81,1.11*04
198: $GPGSA,A,3,32,01,03,04,11,19,17,14,23,31,12,25,1.37,0.81,1.11*04
199: $GPGSA,A,3,32,01,03,04,11,19,17,14,23,31,12,25,1.37,0.81,1.11*04
200: $GPGSA,A,3,32,01,03,04,11,19,17,14,23,31,12,25,1.37,0.81,1.11*04
201: $GPGSA,A,3,32,01,03,04,11,19,17,14,23,31,12,25,1.37,0.81,1.11*04
202: $GPGSA,A,3,32,01,03,04,11,19,17,14,23,31,12,25,1.37,0.81,1.11*04
203: $GPGSA,A,3,32,01,03,04,11,19,17,14,23,31,12,25,1.37,0.81,1.11*04
204: $GPGSA,A,3,32,01,03,04,11,19,17,14,23,31,12,25,1.37,0.81,1.11*04
205: $GPGSA,A,3,32,01,03,04,11,19,17,14,23,31,12,25,1.37,0.81,1.11*04
206: $GPGSA,A,3,32,01,03,04,11,19,17,14,23,31,12,25,1.37,0.81,1.11*04
207: $GPGSA,A,3,32,01,03,04,11,19,17,14,23,31,12,25,1.37,0.81,1.11*04
208: $GPGSA,A,3,32,01,03,04,11,19,17,14,23,31,12,25,1.37,0.81,1.11*04
209: $GPGSA,A,3,32,01,03,04,11,19,17,14,23,31,12,25,1.37,0.81,1.11*04
210: $GPGSA,A,3,32,01,03,04,11,19,17,14,23,31,12,25,1.37,0.81,1.11*04
211: $GPGSA,A,3,32,01,03,04,11,19,17,14,23,31,12,25,1.37,0.81,1.11*04
212: $GPGSA,A,3,32,01,03,04,11,19,17,14,23,31,12,25,1.49,0.83,1.23*0E
213: $GPGSA,A,3,32,01,03,04,11,19,17,14,23,31,12,25,1.37,0.81,1.11*04
214: $GPGSA,A,3,32,01,03,04,11,19,17,14,23,31,12,25,1.37,0.81,1.11*04
215: $GPGSA,A,3,32,01,03,04,11,19,17,14,23,31,12,25,1.37,0.81,1.10*05
216: $GPGSA,A,3,32,01,03,04,11,19,17,14,23,31,12,25,1.37,0.81,1.10*05
217: $GPGSA,A,3,32,01,03,04,11,19,17,14,23,31,12,25,1.37,0.81,1.10*05
218: $GPGSA,A,3,32,01,03,04,11,19,17,14,23,31,12,25,1.37,0.81,1.10*05
219: $GPGSA,A,3,32,01,03,04,11,19,17,23,31,12,25,,1.44,0.85,1.16*06
220: $GPGSA,A,3,32,01,03,04,11,19,17,14,23,31,12,25,1.44,0.85,1.16*03
221: $GPGSA,A,3,32,01,03,04,11,19,17,14,23,31,12,25,1.44,0.85,1.16*03
222: $GPGSA,A,3,32,01,03,04,11,19,17,23,31,12,25,,1.44,0.85,1.16*06
223: $GPGSA,A,3,32,01,03,04,11,19,17,23,31,12,25,,1.44,0.85,1.16*06
224: $GPGSA,A,3,32,01,03,04,11,19,17,23,31,12,25,,1.44,0.85,1.16*06
225: $GPGSA,A,3,32,01,03,04,11,19,17,23,31,12,25,,1.44,0.85,1.16*06
226: $GPGSA,A,3,32,01,03,04,11,19,17,23,31,12,25,,1.44,0.85,1.16*06
227: $GPGSA,A,3,32,01,03,04,11,19,17,23,31,12,25,,1.44,0.85,1.16*06
228: $GPGSA,A,3,32,01,03,04,11,19,17,23,31,12,25,,1.44,0.85,1.16*06
229: $GPGSA,A,3,32,01,03,04,11,19,17,23,31,12,25,,1.44,0.85,1.16*06
230: $GPGSA,A,3,32,01,03,04,11,19,17,23,31,12,25,,1.44,0.85,1.16*06
231: $GPGSA,A,3,32,01,03,04,11,19,17,14,23,31,12,25,1.44,0.85,1.16*03
232: $GPGSA,A,3,32,01,03,04,11,19,17,14,23,31,12,25,1.44,0.85,1.16*03
233: $GPGSA,A,3,32,01,03,04,11,19,17,14,23,31,12,25,1.44,0.85,1.16*03
234: $GPGSA,A,3,32,01,03,04,11,19,17,14,23,31,12,25,1.44,0.85,1.16*03
235: $GPGSA,A,3,32,01,03,04,11,19,17,14,23,31,12,25,1.44,0.85,1.16*03
236: $GPGSA,A,3,32,01,03,04,11,19,17,14,23,31,12,25,1.37,0.81,1.10*05
237: $GPGSA,A,3,32,01,03,04,11,19,17,14,23,31,12,25,1.37,0.81,1.10*05
238: $GPGSA,A,3,32,01,03,04,11,19,17,14,23,31,12,25,1.37,0.81,1.10*05
239: $GPGSA,A,3,32,01,03,04,11,19,17,14,23,31,12,25,1.37,0.81,1.10*05
240: $GPGSA,A,3,32,01,03,04,11,19,17,14,23,31,12,25,1.37,0.81,1.10*05
241: $GPGSA,A,3,32,01,03,04,11,19,17,14,23,31,12,25,1.37,0.81,1.10*05
242: $GPGSA,A,3,32,01,03,04,11,19,17,14,23,31,12,25,1.37,0.81,1.10*05
243: $GPGSA,A,3,32,01,03,04,11,19,17,14,23,31,12,25,1.37,0.81,1.10*05
244: $GPGSA,A,3,32,01,03,04,11,19,17,14,23,31,12,25,1.37,0.81,1.10*05
245: $GPGSA,A,3,32,01,03,04,11,19,17,14,23,31,12,25,1.37,0.81,1.10*05
246: $GPGSA,A,3,32,01,03,04,11,19,17,14,23,31,12,25,1.37,0.81,1.10*05
247: $GPGSA,A,3,32,01,03,04,11,19,17,14,23,31,12,25,1.37,0.81,1.10*05
248: $GPGSA,A,3,32,01,03,04,11,19,17,14,23,31,12,25,1.37,0.81,1.10*05
249: $GPGSA,A,3,32,01,03,04,11,19,17,14,23,31,12,25,1.37,0.81,1.10*05
250: $GPGSA,A,3,32,01,03,04,11,19,17,14,23,31,12,25,1.37,0.81,1.10*05
251: $GPGSA,A,3,32,01,03,04,11,19,17,14,23,31,12,25,1.37,0.81,1.10*05
252: $GPGSA,A,3,32,01,03,04,11,19,17,14,23,31,12,25,1.37,0.81,1.10*05
253: $GPGSA,A,3,32,01,03,04,11,19,17,14,23,31,12,25,1.37,0.81,1.10*05
254: $GPGSA,A,3,32,01,03,04,11,19,17,14,23,31,12,25,1.37,0.81,1.10*05
255: $GPGSA,A,3,32,01,03,04,11,19,17,14,23,31,12,25,1.40,0.82,1.14*02
256: $GPGSA,A,3,32,01,03,04,11,19,17,14,23,31,12,25,1.40,0.82,1.14*02
257: $GPGSA,A,3,32,01,03,04,11,19,17,14,23,31,12,25,1.37,0.81,1.10*05
258: $GPGSA,A,3,32,01,03,04,11,19,17,14,23,31,12,25,1.37,0.81,1.10*05
259: $GPGSA,A,3,32,01,03,04,11,19,17,14,23,31,12,25,1.40,0.82,1.14*02
260: $GPGSA,A,3,32,01,03,04,11,19,17,14,23,31,12,25,1.40,0.82,1.14*02
261: $GPGSA,A,3,32,01,03,04,11,19,17,14,23,31,12,25,1.40,0.82,1.13*05
262: $GPGSA,A,3,32,01,03,04,11,19,17,14,23,31,12,25,1.40,0.82,1.13*05
263: $GPGSA,A,3,32,01,03,04,11,19,17,14,23,31,12,25,1.40,0.82,1.13*05
264: $GPGSA,A,3,32,01,03,04,11,19,17,14,23,31,12,25,1.37,0.81,1.10*05
265: $GPGSA,A,3,32,01,03,04,11,19,17,14,23,31,12,25,1.37,0.81,1.10*05
266: $GPGSA,A,3,32,01,03,04,11,19,17,14,23,31,12,25,1.37,0.81,1.10*05
267: $GPGSA,A,3,32,01,03,04,11,19,17,14,23,31,12,25,1.37,0.81,1.10*05
268: $GPGSA,A,3,32,01,03,04,11,19,17,14,23,31,12,25,1.37,0.81,1.10*05
269: $GPGSA,A,3,32,01,03,04,11,19,17,14,23,31,12,25,1.37,0.81,1.10*05
270: $GPGSA,A,3,32,01,03,04,11,19,17,14,23,31,12,25,1.37,0.81,1.10*05
271: $GPGSA,A,3,32,01,03,04,11,19,17,14,23,31,12,25,1.37,0.81,1.10*05
272: $GPGSA,A,3,32,01,03,04,11,19,17,14,23,31,12,25,1.37,0.81,1.10*05
273: $GPGSA,A,3,32,01,03,04,11,19,17,14,23,31,12,25,1.37,0.81,1.10*05
274: $GPGSA,A,3,32,01,03,04,11,19,17,14,23,31,12,25,1.37,0.81,1.10*05
275: $GPGSA,A,3,32,01,03,04,11,19,17,14,23,31,12,25,1.37,0.81,1.10*05
276: $GPGSA,A,3,32,01,03,04,11,19,17,14,23,31,12,25,1.37,0.81,1.10*05
277: $GPGSA,A,3,32,01,03,04,11,19,17,14,23,31,12,25,1.37,0.81,1.10*05
278: $GPGSA,A,3,32,01,03,04,11,19,17,14,23,31,12,25,1.37,0.81,1.10*05
279: $GPGSA,A,3,32,01,03,04,11,19,17,14,23,31,12,25,1.37,0.81,1.10*05
280: $GPGSA,A,3,32,01,03,04,11,19,17,14,23,31,12,25,1.36,0.81,1.10*04
281: $GPGSA,A,3,32,01,03,04,11,19,17,14,23,31,12,25,1.36,0.81,1.10*04
282: $GPGSA,A,3,32,01,03,04,11,19,17,14,23,31,12,25,1.36,0.81,1.10*04
283: $GPGSA,A,3,32,01,03,04,11,19,17,14,23,31,12,25,1.36,0.81,1.10*04
284: $GPGSA,A,3,32,01,03,04,11,19,17,14,23,31,12,25,1.36,0.81,1.10*04
285: $GPGSA,A,3,32,01,03,04,11,19,17,14,23,31,12,25,1.36,0.81,1.10*04
286: $GPGSA,A,3,32,01,03,04,11,19,17,14,23,31,12,25,1.36,0.81,1.10*04
287: $GPGSA,A,3,32,01,03,04,11,19,17,14,23,31,12,25,1.36,0.81,1.10*04
288: $GPGSA,A,3,32,01,03,04,11,19,17,14,23,31,12,25,1.36,0.81,1.10*04
289: $GPGSA,A,3,32,01,03,04,11,19,17,14,23,31,12,25,1.36,0.81,1.10*04
290: $GPGSA,A,3,32,01,03,04,11,19,17,14,23,31,12,25,1.36,0.81,1.10*04
291: $GPGSA,A,3,32,01,03,04,11,19,17,14,23,31,12,25,1.36,0.81,1.10*04
292: $GPGSA,A,3,32,01,03,04,11,19,17,14,23,31,12,25,1.36,0.81,1.10*04
293: $GPGSA,A,3,32,01,03,04,11,19,17,14,23,31,12,25,1.36,0.81,1.10*04
294: $GPGSA,A,3,32,01,03,04,11,19,17,14,23,31,12,25,1.36,0.81,1.10*04
295: $GPGSA,A,3,32,01,03,04,11,19,17,14,23,31,12,25,1.36,0.81,1.10*04
296: $GPGSA,A,3,32,01,03,04,11,19,17,14,23,31,12,25,1.36,0.81,1.10*04
297: $GPGSA,A,3,32,01,03,04,11,19,17,14,23,31,12,25,1.36,0.81,1.10*04
298: $GPGSA,A,3,32,01,03,04,11,19,17,14,23,31,25,,1.43,0.88,1.13*0F
299: $GPGSA,A,3,32,01,03,04,11,19,17,14,23,31,25,,1.43,0.88,1.13*0F
300: $GPGSA,A,3,32,01,03,04,11,19,17,14,23,31,25,,1.43,0.88,1.13*0F
301: $GPGSA,A,3,32,01,03,04,11,19,17,14,23,31,25,,1.43,0.88,1.13*0F
302: $GPGSA,A,3,32,01,03,04,11,19,17,14,23,31,25,,1.43,0.88,1.13*0F
303: $GPGSA,A,3,32,01,03,04,11,19,17,14,23,31,12,25,1.43,0.88,1.13*0C
304: $GPGSA,A,3,32,01,03,04,11,19,17,14,23,31,12,25,1.54,0.93,1.22*02
305: $GPGSA,A,3,32,01,03,04,11,19,17,14,23,31,12,25,1.54,0.93,1.22*02
306: $GPGSA,A,3,32,01,03,04,11,19,17,14,23,31,25,,1.54,0.93,1.22*01
307: $GPGSA,A,3,32,01,03,04,11,19,17,14,23,31,25,,1.43,0.88,1.13*0F
308: $GPGSA,A,3,32,01,03,04,11,19,17,14,23,31,25,,1.47,0.89,1.17*0E
309: $GPGSA,A,3,32,01,03,04,11,19,17,14,23,31,25,,1.47,0.89,1.17*0E
310: $GPGSA,A,3,32,01,03,04,11,19,17,14,23,31,25,,1.47,0.89,1.17*0E
311: $GPGSA,A,3,32,01,03,04,11,19,17,14,23,31,25,,1.47,0.89,1.17*0E
312: $GPGSA,A,3,32,01,03,04,11,19,17,14,23,31,25,,1.47,0.89,1.17*0E
313: $GPGSA,A,3,32,01,03,04,11,19,17,14,23,31,25,,1.47,0.89,1.17*0E
314: $GPGSA,A,3,32,01,03,04,11,19,17,14,23,31,25,,1.59,0.95,1.28*00
315: $GPGSA,A,3,32,01,03,04,11,19,17,14,23,31,25,,1.59,0.95,1.28*00
316: $GPGSA,A,3,32,01,03,04,11,19,17,14,23,31,25,,1.43,0.88,1.13*0F
317: $GPGSA,A,3,32,01,03,04,11,19,17,14,23,31,25,,1.43,0.88,1.13*0F
318: $GPGSA,A,3,32,01,03,04,11,19,17,14,23,31,25,,1.43,0.88,1.13*0F
319: $GPGSA,A,3,32,01,03,04,11,19,17,14,23,31,25,,1.43,0.88,1.13*0F
320: $GPGSA,A,3,32,01,03,04,11,19,17,14,23,31,25,,1.43,0.88,1.13*0F
321: $GPGSA,A,3,32,01,03,04,11,19,17,14,23,31,25,,1.43,0.88,1.13*0F
322: $GPGSA,A,3,32,01,03,04,11,19,17,14,23,31,25,,1.43,0.88,1.13*0F
323: $GPGSA,A,3,32,01,03,04,11,19,17,14,23,31,12,25,1.43,0.88,1.13*0C
324: $GPGSA,A,3,32,01,03,04,11,19,17,14,23,31,12,25,1.36,0.81,1.09*0C
325: $GPGSA,A,3,32,01,03,04,11,19,17,14,23,31,12,25,1.36,0.81,1.09*0C
326: $GPGSA,A,3,32,01,03,04,11,19,17,14,23,31,12,25,1.36,0.81,1.09*0C
327: $GPGSA,A,3,32,01,03,04,11,19,17,14,23,31,12,25,1.39,0.81,1.13*08
328: $GPGSA,A,3,32,01,03,04,11,19,17,14,23,31,12,25,1.39,0.81,1.13*08
329: $GPGSA,A,3,32,01,03,04,11,19,17,14,23,31,12,25,1.39,0.81,1.13*08
330: $GPGSA,A,3,32,01,03,04,11,19,17,14,23,31,12,25,1.39,0.81,1.13*08
331: $GPGSA,A,3,32,01,03,04,11,19,17,14,23,31,12,25,1.39,0.81,1.13*08
332: $GPGSA,A,3,32,01,03,04,11,19,17,14,23,31,12,25,1.39,0.81,1.13*08
333: $GPGSA,A,3,32,03,04,11,19,17,14,23,31,12,25,,1.39,0.81,1.12*08
334: $GPGSA,A,3,32,01,03,04,11,19,17,14,23,31,12,25,1.39,0.81,1.12*09
335: $GPGSA,A,3,32,01,03,04,11,19,17,14,23,31,12,25,1.39,0.81,1.12*09
336: $GPGSA,A,3,32,01,03,04,11,19,17,14,23,31,12,25,1.39,0.81,1.12*09
337: $GPGSA,A,3,32,03,04,11,19,17,14,23,31,12,25,,1.39,0.81,1.12*08
338: $GPGSA,A,3,32,01,03,04,11,19,17,14,23,31,12,25,1.39,0.81,1.12*09
339: $GPGSA,A,3,32,01,03,04,11,19,17,14,23,31,12,25,1.36,0.81,1.09*0C
340: $GPGSA,A,3,32,01,03,04,11,19,17,14,23,31,12,25,1.36,0.81,1.09*0C
341: $GPGSA,A,3,32,01,03,04,11,19,17,14,23,31,12,25,1.36,0.81,1.09*0C
342: $GPGSA,A,3,32,01,03,04,11,19,17,14,23,31,12,25,1.36,0.81,1.09*0C
343: $GPGSA,A,3,32,01,03,04,11,19,17,14,23,31,12,25,1.36,0.81,1.09*0C
344: $GPGSA,A,3,32,01,03,04,11,19,17,14,23,31,12,25,1.36,0.81,1.09*0C
345: $GPGSA,A,3,32,01,03,04,11,19,17,14,23,31,12,25,1.36,0.81,1.09*0C
346: $GPGSA,A,3,32,01,03,04,11,19,17,14,23,31,12,25,1.36,0.81,1.09*0C
347: $GPGSA,A,3,32,01,03,04,11,19,17,14,23,31,12,25,1.36,0.81,1.09*0C
348: $GPGSA,A,3,32,01,03,04,11,19,17,14,23,31,12,25,1.36,0.81,1.09*0C
349: $GPGSA,A,3,32,01,03,04,11,19,17,14,23,31,12,25,1.36,0.81,1.09*0C
350: $GPGSA,A,3,32,01,03,04,11,19,17,14,23,31,12,25,1.36,0.81,1.09*0C
351: $GPGSA,A,3,32,01,03,04,11,19,17,14,23,31,12,25,1.36,0.81,1.09*0C
352: $GPGSA,A,3,32,01,03,04,11,19,17,14,23,31,12,25,1.36,0.81,1.09*0C
353: $GPGSA,A,3,32,01,03,04,11,19,17,14,23,31,12,25,1.36,0.81,1.09*0C
354: $GPGSA,A,3,32,01,03,04,11,19,17,14,23,31,12,25,1.36,0.81,1.09*0C
355: $GPGSA,A,3,32,01,03,04,11,19,17,14,23,31,12,25,1.36,0.81,1.09*0C
356: $GPGSA,A,3,32,01,03,04,11,19,17,14,23,31,12,25,1.36,0.81,1.09*0C
357: $GPGSA,A,3,32,01,03,04,11,19,17,14,23,31,12,25,1.36,0.81,1.09*0C
358: $GPGSA,A,3,32,01,03,04,11,19,17,14,23,31,12,25,1.36,0.81,1.09*0C
359: $GPGSA,A,3,32,01,03,04,11,19,17,14,23,31,12,25,1.36,0.81,1.09*0C
360: $GPGSA,A,3,32,01,03,04,11,19,17,14,23,31,12,,1.40,0.83,1.13*03
361: $GPGSA,A,3,32,01,03,04,11,19,17,14,23,31,12,,1.40,0.83,1.13*03
362: $GPGSA,A,3,32,01,03,04,11,19,17,14,23,31,12,,1.40,0.83,1.13*03
363: $GPGSA,A,3,32,01,03,04,11,19,17,14,23,31,12,,1.40,0.83,1.13*03
364: $GPGSA,A,3,32,01,03,04,11,19,17,14,23,31,12,,1.40,0.83,1.13*03
365: $GPGSA,A,3,32,01,03,04,11,19,17,14,23,31,,,1.53,0.93,1.21*02
366: $GPGSA,A,3,32,01,03,04,11,19,17,14,23,31,,,1.59,0.95,1.27*08
367: $GPGSA,A,3,32,01,03,04,11,19,17,14,23,31,,,1.59,0.95,1.27*08
368: $GPGSA,A,3,32,01,03,04,11,19,17,14,23,31,12,,1.59,0.95,1.27*0B
369: $GPGSA,A,3,32,01,03,04,11,19,17,14,23,31,12,,1.53,0.93,1.21*01
370: $GPGSA,A,3,32,01,03,04,11,19,17,14,23,31,12,,1.58,0.95,1.27*0A
371: $GPGSA,A,3,32,01,03,04,11,19,17,23,31,12,,,2.37,1.23,2.02*0D
372: $GPGSA,A,3,32,01,03,04,11,19,17,14,23,31,,,2.15,1.16,1.81*05
373: $GPGSA,A,3,32,01,03,04,11,19,17,14,23,31,,,2.37,1.23,2.02*0B
374: $GPGSA,A,3,32,01,03,04,11,19,17,14,23,31,,,2.37,1.23,2.02*0B
375: $GPGSA,A,3,32,01,03,04,11,19,17,14,23,31,,,1.58,0.95,1.27*09
376: $GPGSA,A,3,32,01,03,04,11,19,17,14,23,31,,,1.58,0.95,1.27*09
377: $GPGSA,A,3,32,01,03,04,11,19,17,14,23,31,,,1.58,0.95,1.27*09
378: $GPGSA,A,3,32,01,03,04,11,19,17,14,23,31,,,1.58,0.95,1.27*09
379: $GPGSA,A,3,32,01,03,04,11,19,17,14,23,31,,,1.58,0.95,1.27*09
380: $GPGSA,A,3,32,01,03,04,11,19,17,14,23,31,,,1.58,0.95,1.27*09
381: $GPGSA,A,3,32,01,03,04,11,19,17,23,31,,,,2.36,1.23,2.02*0F
382: $GPGSA,A,3,32,01,03,04,11,19,17,23,31,,,,2.36,1.23,2.02*0F
383: $GPGSA,A,3,32,01,03,04,11,19,17,23,31,,,,2.36,1.23,2.02*0F
384: $GPGSA,A,3,32,01,03,04,11,19,17,23,31,,,,2.36,1.23,2.02*0F
385: $GPGSA,A,3,32,01,03,04,11,19,17,23,31,,,,2.36,1.23,2.02*0F
386: $GPGSA,A,3,32,01,03,04,11,19,17,23,31,,,,2.36,1.23,2.02*0F
387: $GPGSA,A,3,32,01,03,04,11,19,17,23,31,,,,2.36,1.23,2.02*0F
388: $GPGSA,A,3,32,01,03,04,11,19,17,23,31,,,,2.36,1.23,2.02*0F
389: $GPGSA,A,3,32,03,04,11,19,17,23,31,,,,,2.36,1.23,2.02*0E
390: $GPGSA,A,3,32,03,04,11,19,17,14,23,31,,,,2.36,1.23,2.02*0B
391: $GPGSA,A,3,32,01,03,04,11,19,17,14,23,31,,,2.36,1.23,2.02*0A
392: $GPGSA,A,3,32,01,03,04,11,19,17,14,23,31,,,2.36,1.23,2.02*0A
393: $GPGSA,A,3,32,01,03,04,11,19,17,14,23,31,,,1.52,0.93,1.21*03
394: $GPGSA,A,3,32,01,03,04,11,19,17,14,23,31,25,,1.58,0.95,1.27*0E
395: $GPGSA,A,3,32,01,03,04,11,19,17,14,23,31,25,,1.58,0.95,1.27*0E
396: $GPGSA,A,3,32,01,03,04,11,19,17,14,23,31,25,,1.52,0.93,1.21*04
397: $GPGSA,A,3,32,01,03,04,11,19,17,14,23,31,25,,1.52,0.93,1.21*04
398: $GPGSA,A,3,32,01,03,04,11,19,17,14,23,31,25,,1.52,0.93,1.21*04
399: $GPGSA,A,3,32,01,03,04,11,19,17,14,23,31,25,,1.58,0.95,1.27*0E
400: $GPGSA,A,3,32,01,03,04,11,19,17,14,23,31,25,,1.58,0.95,1.27*0E
401: $GPGSA,A,3,32,01,03,04,11,19,17,14,23,31,25,,1.58,0.95,1.26*0F
402: $GPGSA,A,3,32,01,03,04,11,19,17,14,23,31,25,,1.58,0.95,1.26*0F
403: $GPGSA,A,3,32,01,03,04,11,19,17,14,23,31,09,25,1.58,0.95,1.26*06
404: $GPGSA,A,3,32,01,03,04,11,19,17,14,23,31,09,25,1.46,0.89,1.16*07
405: $GPGSA,A,3,32,01,03,04,11,19,17,14,23,31,09,25,1.46,0.89,1.16*07
406: $GPGSA,A,3,32,01,03,04,11,19,17,14,23,31,09,25,1.46,0.89,1.16*07
407: $GPGSA,A,3,32,01,03,04,11,19,17,14,23,31,09,25,1.46,0.89,1.16*07
408: $GPGSA,A,3,32,01,03,04,11,19,17,14,23,31,09,25,1.46,0.89,1.16*07
409: $GPGSA,A,3,32,01,03,04,11,19,17,14,23,31,09,25,1.35,0.86,1.04*0F
410: $GPGSA,A,3,32,01,03,04,11,19,17,14,23,31,09,25,1.35,0.86,1.04*0F
411: $GPGSA,A,3,32,01,03,04,11,19,17,14,23,31,09,25,1.47,0.93,1.14*0F
412: $GPGSA,A,3,32,01,03,04,11,19,17,14,23,31,09,25,1.47,0.93,1.14*0F
413: $GPGSA,A,3,32,01,03,04,11,19,17,14,23,31,09,25,1.47,0.93,1.14*0F
414: $GPGSA,A,3,32,01,03,04,11,19,17,14,23,31,09,25,1.47,0.93,1.14*0F
415: $GPGSA,A,3,32,01,03,04,11,19,17,14,23,31,09,25,1.47,0.93,1.14*0F
416: $GPGSA,A,3,32,01,03,04,11,19,17,14,23,31,09,12,1.47,0.93,1.14*0B
417: $GPGSA,A,3,32,01,03,04,11,19,17,14,23,31,09,12,1.47,0.93,1.14*0B
418: $GPGSA,A,3,32,01,03,04,11,19,17,14,23,31,09,12,1.47,0.93,1.14*0B
419: $GPGSA,A,3,32,01,03,04,11,19,17,14,23,31,09,12,1.41,0.91,1.08*02
420: $GPGSA,A,3,32,01,03,04,11,19,17,14,23,31,09,12,1.41,0.91,1.08*02
421: $GPGSA,A,3,32,01,03,04,11,19,17,14,23,31,09,12,1.41,0.91,1.08*02
422: $GPGSA,A,3,32,01,03,04,11,19,17,14,23,31,09,12,1.41,0.91,1.08*02
423: $GPGSA,A,3,32,01,03,04,11,19,17,14,23,31,09,12,1.41,0.91,1.08*02
424: $GPGSA,A,3,32,01,03,04,11,19,17,14,23,31,09,12,1.30,0.80,1.02*0E
425: $GPGSA,A,3,32,01,03,04,11,19,17,14,23,31,09,12,1.30,0.80,1.02*0E
426: $GPGSA,A,3,32,01,03,04,11,19,17,14,23,31,09,,1.41,0.91,1.08*01
427: $GPGSA,A,3,32,01,03,04,11,19,17,14,23,31,09,,1.41,0.91,1.08*01
428: $GPGSA,A,3,32,01,03,04,11,19,17,14,23,31,09,,1.41,0.91,1.08*01
429: $GPGSA,A,3,32,01,03,04,11,19,17,14,23,31,09,25,1.41,0.91,1.08*06
430: $GPGSA,A,3,32,01,03,04,11,19,17,14,23,31,09,25,1.41,0.91,1.08*06
431: $GPGSA,A,3,32,01,03,04,11,19,17,14,23,31,09,25,1.41,0.91,1.08*06
432: $GPGSA,A,3,32,01,03,04,11,19,17,14,23,31,09,12,1.41,0.91,1.08*02
433: $GPGSA,A,3,32,01,03,04,11,19,17,14,23,31,09,12,1.31,0.85,1.00*08
434: $GPGSA,A,3,32,01,03,04,11,19,17,14,23,31,09,12,1.30,0.80,1.02*0E
435: $GPGSA,A,3,32,01,03,04,11,19,17,14,23,31,09,12,1.30,0.80,1.02*0E
436: $GPGSA,A,3,32,03,04,11,19,17,14,23,31,09,12,25,1.33,0.81,1.06*0E
437: $GPGSA,A,3,32,03,04,11,19,17,14,23,31,09,12,25,1.33,0.81,1.06*0E
438: $GPGSA,A,3,32,03,04,11,19,17,14,23,31,09,12,25,1.33,0.81,1.06*0E
439: $GPGSA,A,3,32,03,04,11,19,17,14,23,31,09,12,25,1.28,0.78,1.02*06
440: $GPGSA,A,3,32,03,04,11,19,17,14,23,31,09,12,,1.33,0.81,1.06*09
441: $GPGSA,A,3,32,03,04,11,19,17,14,23,31,09,12,25,1.33,0.81,1.06*0E
442: $GPGSA,A,3,32,03,04,11,19,17,14,23,31,09,12,25,1.33,0.81,1.06*0E
443: $GPGSA,A,3,32,03,04,11,19,17,14,23,31,09,12,25,1.33,0.81,1.06*0E
444: $GPGSA,A,3,32,01,03,04,11,19,17,14,23,31,09,12,1.33,0.81,1.06*08
445: $GPGSA,A,3,32,01,03,04,11,19,17,14,23,31,09,12,1.33,0.81,1.06*08
446: $GPGSA,A,3,32,01,03,04,11,19,17,14,23,31,09,12,1.33,0.81,1.06*08
447: $GPGSA,A,3,32,01,03,04,11,19,17,14,23,31,09,12,1.33,0.81,1.06*08
448: $GPGSA,A,3,32,03,04,11,19,17,14,23,31,09,12,,1.33,0.81,1.06*09
449: $GPGSA,A,3,32,03,04,11,19,17,14,23,31,09,12,,1.33,0.81,1.06*09
450: $GPGSA,A,3,32,01,03,04,11,19,17,14,23,31,09,12,1.33,0.81,1.06*08
451: $GPGSA,A,3,32,01,03,04,11,19,17,14,23,31,09,12,1.33,0.81,1.06*08
452: $GPGSA,A,3,32,01,03,04,11,19,17,14,23,31,09,12,1.33,0.81,1.06*08
453: $GPGSA,A,3,32,01,03,04,11,19,17,14,23,31,09,12,1.33,0.81,1.06*08
454: $GPGSA,A,3,32,01,03,04,11,19,17,14,23,31,09,12,1.33,0.81,1.06*08
455: $GPGSA,A,3,32,01,03,04,11,19,17,14,23,31,09,12,1.33,0.81,1.06*08
456: $GPGSA,A,3,32,01,03,04,11,19,17,14,23,31,09,12,1.33,0.81,1.06*08
457: $GPGSA,A,3,32,01,03,04,11,19,17,14,23,31,09,12,1.33,0.81,1.06*08
458: $GPGSA,A,3,32,01,03,04,11,19,17,14,23,31,09,12,1.33,0.81,1.06*08
459: $GPGSA,A,3,32,01,03,04,11,19,17,14,23,31,09,12,1.28,0.78,1.02*00
460: $GPGSA,A,3,32,01,03,04,11,19,17,14,23,31,09,12,1.28,0.78,1.02*00
461: $GPGSA,A,3,32,03,04,11,19,17,14,23,31,09,12,25,1.28,0.78,1.02*06
462: $GPGSA,A,3,32,03,04,11,19,17,14,23,31,09,12,25,1.28,0.78,1.02*06
463: $GPGSA,A,3,32,03,04,11,19,17,14,23,31,09,12,25,1.28,0.78,1.02*06
464: $GPGSA,A,3,32,03,04,11,19,17,14,23,31,09,12,25,1.28,0.78,1.02*06
465: $GPGSA,A,3,32,01,03,04,11,19,17,14,23,31,09,12,1.28,0.78,1.02*00
466: $GPGSA,A,3,32,01,03,04,11,19,17,14,23,31,09,12,1.28,0.78,1.02*00
467: $GPGSA,A,3,32,01,03,04,11,19,17,14,23,31,09,12,1.28,0.78,1.02*00
468: $GPGSA,A,3,32,01,03,04,11,19,17,14,23,31,09,12,1.28,0.78,1.02*00
469: $GPGSA,A,3,32,01,03,04,11,19,17,14,23,31,09,12,1.28,0.78,1.02*00
470: $GPGSA,A,3,32,01,03,04,11,19,17,14,23,31,09,12,1.28,0.78,1.02*00
471: $GPGSA,A,3,32,01,03,04,11,19,17,14,23,31,09,12,1.25,0.78,0.98*0F
472: $GPGSA,A,3,32,01,03,04,11,19,17,14,23,31,09,12,1.25,0.78,0.98*0F
473: $GPGSA,A,3,32,01,03,04,11,19,17,14,23,31,09,12,1.25,0.78,0.98*0F
474: $GPGSA,A,3,32,01,03,04,11,19,17,14,23,31,09,12,1.25,0.78,0.98*0F
475: $GPGSA,A,3,32,01,03,04,11,19,17,14,23,31,09,12,1.25,0.78,0.98*0F
476: $GPGSA,A,3,32,01,03,04,11,19,17,14,23,31,09,12,1.25,0.78,0.98*0F
477: $GPGSA,A,3,32,01,03,04,11,19,17,14,23,31,09,12,1.25,0.78,0.98*0F
478: $GPGSA,A,3,32,01,03,04,11,19,17,14,23,31,09,12,1.25,0.78,0.98*0F
479: $GPGSA,A,3,32,01,03,04,11,19,17,14,23,31,09,12,1.29,0.80,1.02*06
480: $GPGSA,A,3,32,01,03,04,11,19,17,14,23,31,09,12,1.33,0.81,1.05*0B
481: $GPGSA,A,3,32,01,03,04,11,19,17,14,23,31,09,12,1.29,0.80,1.02*06
482: $GPGSA,A,3,32,01,03,04,11,19,17,14,23,31,09,12,1.29,0.80,1.02*06
483: $GPGSA,A,3,32,01,03,04,11,19,17,14,23,31,09,12,1.29,0.80,1.02*06
484: $GPGSA,A,3,32,01,03,04,11,19,17,14,23,31,09,12,1.29,0.80,1.02*06
485: $GPGSA,A,3,32,01,03,04,11,19,17,14,23,31,09,,1.41,0.91,1.07*0E
486: $GPGSA,A,3,32,01,03,04,11,19,17,14,23,31,09,,1.41,0.91,1.07*0E
487: $GPGSA,A,3,32,01,03,04,11,19,17,14,23,31,09,,1.41,0.91,1.07*0E
488: $GPGSA,A,3,32,01,03,04,11,19,17,14,23,31,09,12,1.41,0.91,1.07*0D
489: $GPGSA,A,3,32,01,03,04,11,19,17,14,23,31,09,12,1.41,0.91,1.07*0D
490: $GPGSA,A,3,32,01,03,04,11,19,17,14,23,31,,,1.51,0.93,1.19*0B
491: $GPGSA,A,3,32,01,03,04,11,19,17,14,23,31,,,1.51,0.93,1.19*0B
492: $GPGSA,A,3,32,01,03,04,11,19,17,14,23,31,12,,1.51,0.93,1.19*08
493: $GPGSA,A,3,32,01,03,04,11,19,17,14,23,31,12,,1.51,0.93,1.19*08
494: $GPGSA,A,3,32,01,03,04,11,19,17,14,23,31,,,1.56,0.95,1.25*05
495: $GPGSA,A,3,32,01,03,04,11,19,17,14,23,31,,,1.56,0.95,1.25*05
496: $GPGSA,A,3,32,01,03,04,11,19,17,14,23,31,,,1.56,0.95,1.25*05
497: $GPGSA,A,3,32,01,03,04,11,19,17,14,23,31,12,,1.56,0.95,1.24*07
498: $GPGSA,A,3,32,01,03,04,11,19,17,14,23,31,12,,1.56,0.95,1.24*07
499: $GPGSA,A,3,32,01,03,04,11,19,17,14,23,31,,,1.56,0.95,1.24*04
500: $GPGSA,A,3,32,01,03,04,11,17,14,23,31,,,,1.73,0.99,1.42*07
501: $GPGSA,A,3,32,01,03,04,11,17,14,23,31,12,,,1.73,0.99,1.42*04
502: $GPGSA,A,3,32,01,03,04,11,17,14,23,31,,,,1.73,0.99,1.42*07
503: $GPGSA,A,3,32,01,03,04,11,17,14,23,31,12,,,1.73,0.99,1.42*04
504: $GPGSA,A,3,32,01,03,04,11,19,17,14,23,31,12,,1.73,0.99,1.42*0C
505: $GPGSA,A,3,32,01,03,04,11,19,17,14,23,31,,,1.73,0.99,1.42*0F
506: $GPGSA,A,3,32,01,03,04,11,19,17,14,23,31,,,1.73,0.99,1.42*0F
507: $GPGSA,A,3,32,01,03,04,11,19,17,14,23,31,,,1.73,0.99,1.42*0F
508: $GPGSA,A,3,32,01,03,04,11,19,17,14,23,31,,,1.56,0.95,1.24*04
509: $GPGSA,A,3,32,01,03,04,11,19,17,14,23,31,,,1.56,0.95,1.24*04
510: $GPGSA,A,3,32,01,03,04,11,19,17,14,23,31,25,,1.56,0.95,1.24*03
511: $GPGSA,A,3,32,01,03,04,11,19,17,14,23,31,25,,1.56,0.95,1.24*03
512: $GPGSA,A,3,32,01,03,04,11,19,17,14,23,31,25,,1.56,0.95,1.24*03
513: $GPGSA,A,3,32,01,03,04,11,19,17,14,23,31,12,25,1.44,0.89,1.14*0D
514: $GPGSA,A,3,32,01,03,04,11,19,17,14,23,31,12,25,1.44,0.89,1.14*0D
515: $GPGSA,A,3,32,01,03,04,11,19,17,14,23,31,09,25,1.44,0.89,1.14*07
516: $GPGSA,A,3,32,01,03,04,11,19,17,14,23,31,09,25,1.35,0.86,1.04*0F
517: $GPGSA,A,3,32,03,04,11,19,17,14,23,31,09,12,25,1.35,0.86,1.04*0D
518: $GPGSA,A,3,32,01,03,04,11,19,17,14,23,31,09,25,1.35,0.86,1.04*0F
519: $GPGSA,A,3,32,01,03,04,11,19,17,14,23,31,09,12,1.28,0.78,1.01*03
520: $GPGSA,A,3,32,01,03,04,11,19,17,14,23,31,09,12,1.28,0.78,1.01*03
521: $GPGSA,A,3,32,01,03,04,11,19,17,14,23,31,09,12,1.28,0.78,1.01*03
522: $GPGSA,A,3,32,01,03,04,11,19,17,14,23,31,09,12,1.28,0.78,1.01*03
523: $GPGSA,A,3,32,01,03,04,11,19,17,14,23,31,09,12,1.28,0.78,1.01*03
524: $GPGSA,A,3,32,01,03,04,11,19,17,14,23,31,09,12,1.28,0.78,1.01*03
525: $GPGSA,A,3,32,01,03,04,11,19,17,14,23,31,09,12,1.28,0.78,1.01*03
526: $GPGSA,A,3,32,01,03,04,11,19,17,14,23,31,09,12,1.28,0.78,1.01*03
527: $GPGSA,A,3,32,01,03,04,11,19,17,14,23,31,09,12,1.28,0.78,1.01*03
528: $GPGSA,A,3,32,01,03,04,11,19,17,14,23,31,09,12,1.28,0.78,1.01*03
529: $GPGSA,A,3,32,01,03,04,11,19,17,14,23,31,09,12,1.28,0.78,1.01*03
530: $GPGSA,A,3,32,01,03,04,11,19,17,14,23,31,09,12,1.28,0.78,1.01*03
531: $GPGSA,A,3,32,01,03,04,11,19,17,14,23,31,09,12,1.28,0.78,1.01*03
532: $GPGSA,A,3,32,01,03,04,11,19,17,14,23,31,09,12,1.28,0.78,1.01*03
533: $GPGSA,A,3,32,01,03,04,11,19,17,14,23,31,09,12,1.28,0.78,1.01*03
534: $GPGSA,A,3,32,01,03,04,11,19,17,14,23,31,09,12,1.28,0.78,1.01*03
535: $GPGSA,A,3,32,01,03,04,11,19,17,14,23,31,09,12,1.28,0.78,1.01*03
536: $GPGSA,A,3,32,03,04,11,19,17,14,23,31,09,12,25,1.28,0.78,1.01*05
537: $GPGSA,A,3,32,03,04,11,19,17,14,23,31,09,12,25,1.28,0.78,1.01*05
538: $GPGSA,A,3,32,01,03,04,11,19,17,14,23,31,09,12,1.28,0.78,1.01*03
539: $GPGSA,A,3,32,01,03,04,11,19,17,14,23,31,09,12,1.28,0.78,1.01*03
540: $GPGSA,A,3,32,01,03,04,11,19,17,14,23,31,09,12,1.28,0.78,1.01*03
541: $GPGSA,A,3,32,01,03,04,11,19,17,14,23,31,09,12,1.28,0.78,1.01*03
542: $GPGSA,A,3,32,01,03,04,11,19,17,14,23,31,09,12,1.28,0.78,1.01*03
543: $GPGSA,A,3,32,01,03,04,11,19,17,14,23,31,09,12,1.28,0.78,1.01*03
544: $GPGSA,A,3,32,01,03,04,11,19,17,14,23,31,09,12,1.28,0.78,1.01*03
545: $GPGSA,A,3,32,01,03,04,11,19,17,14,23,31,09,12,1.28,0.78,1.01*03
546: $GPGSA,A,3,32,01,03,04,11,19,17,14,23,31,09,12,1.28,0.78,1.01*03
547: $GPGSA,A,3,32,01,03,04,11,19,17,14,23,31,09,12,1.28,0.78,1.01*03
548: $GPGSA,A,3,32,01,03,04,11,19,17,14,23,31,09,12,1.28,0.78,1.01*03
549: $GPGSA,A,3,32,01,03,04,11,19,17,14,23,31,09,12,1.32,0.80,1.05*0B
550: $GPGSA,A,3,32,01,03,04,11,19,17,14,23,31,09,12,1.32,0.80,1.05*0B
551: $GPGSA,A,3,32,01,03,04,11,19,17,14,23,31,09,12,1.32,0.80,1.05*0B
552: $GPGSA,A,3,32,01,03,04,11,19,17,14,23,31,09,12,1.32,0.80,1.05*0B
553: $GPGSA,A,3,32,01,03,04,11,19,17,14,23,31,09,12,1.28,0.78,1.01*03
554: $GPGSA,A,3,32,01,03,04,11,19,17,14,23,31,09,12,1.28,0.78,1.01*03
555: $GPGSA,A,3,32,01,03,04,11,19,17,14,23,31,09,12,1.28,0.78,1.01*03
556: $GPGSA,A,3,32,01,03,04,11,19,17,14,23,31,09,12,1.28,0.78,1.01*03
557: $GPGSA,A,3,32,01,03,04,11,19,17,14,23,31,09,12,1.28,0.78,1.01*03
558: $GPGSA,A,3,32,01,03,04,11,19,17,23,31,09,12,25,1.36,0.82,1.09*03
559: $GPGSA,A,3,32,01,03,04,11,19,17,14,23,31,09,12,1.28,0.78,1.01*03
560: $GPGSA,A,3,32,01,03,04,11,19,17,14,23,31,09,12,1.28,0.78,1.01*03
561: $GPGSA,A,3,32,01,03,04,11,19,17,14,23,31,09,12,1.28,0.78,1.01*03
562: $GPGSA,A,3,32,01,03,04,11,19,17,14,23,31,09,12,1.32,0.80,1.05*0B
563: $GPGSA,A,3,32,01,03,04,11,19,17,14,23,31,09,12,1.32,0.80,1.05*0B
564: $GPGSA,A,3,32,01,03,04,11,19,17,14,23,31,09,12,1.32,0.80,1.05*0B
565: $GPGSA,A,3,32,01,03,04,11,19,17,14,23,31,09,12,1.29,0.80,1.01*05
566: $GPGSA,A,3,32,01,03,04,11,19,17,14,23,31,09,12,1.29,0.80,1.01*05
567: $GPGSA,A,3,32,01,03,04,11,19,17,14,23,31,09,12,1.29,0.80,1.01*05
568: $GPGSA,A,3,32,01,03,04,11,19,17,14,23,31,09,12,1.29,0.80,1.01*05
569: $GPGSA,A,3,32,01,03,04,11,19,17,14,23,31,09,12,1.29,0.80,1.01*05
570: $GPGSA,A,3,32,01,03,04,11,19,17,14,23,31,09,12,1.29,0.80,1.01*05
571: $GPGSA,A,3,32,01,03,04,11,19,17,14,23,31,09,12,1.29,0.80,1.01*05
572: $GPGSA,A,3,32,01,03,04,11,19,17,14,23,31,09,12,1.29,0.80,1.01*05
573: $GPGSA,A,3,32,03,04,11,19,17,14,23,31,09,12,25,1.32,0.80,1.05*0D
574: $GPGSA,A,3,32,01,03,04,11,19,17,14,23,31,09,12,1.32,0.80,1.05*0B
575: $GPGSA,A,3,32,01,03,04,11,19,17,14,23,31,09,12,1.32,0.80,1.05*0B
576: $GPGSA,A,3,32,01,03,04,11,19,17,14,23,31,12,25,1.40,0.83,1.13*04
577: $GPGSA,A,3,32,01,03,04,11,19,17,14,23,31,09,12,1.40,0.83,1.13*0A
578: $GPGSA,A,3,32,01,03,04,11,19,17,14,23,31,09,12,1.29,0.80,1.01*05
579: $GPGSA,A,3,32,01,03,04,11,19,17,14,23,31,09,12,1.36,0.81,1.09*02
580: $GPGSA,A,3,32,01,03,04,11,19,17,14,23,31,09,12,1.28,0.78,1.01*03
581: $GPGSA,A,3,32,01,03,04,11,19,17,14,23,31,09,12,1.28,0.78,1.01*03
582: $GPGSA,A,3,32,01,03,04,11,19,17,14,23,31,09,12,1.32,0.80,1.05*0B
583: $GPGSA,A,3,32,01,03,04,11,19,17,14,23,31,09,12,1.32,0.80,1.05*0B
584: $GPGSA,A,3,32,03,04,11,19,17,14,23,31,09,12,25,1.32,0.80,1.05*0D
585: $GPGSA,A,3,32,03,04,11,19,17,14,23,31,09,12,25,1.32,0.80,1.05*0D
586: $GPGSA,A,3,32,03,04,11,19,17,14,23,31,09,12,25,1.32,0.80,1.05*0D
587: $GPGSA,A,3,32,01,03,04,11,19,17,14,23,31,09,12,1.28,0.78,1.01*03
588: $GPGSA,A,3,32,01,03,04,11,19,17,14,23,31,09,12,1.28,0.78,1.01*03
589: $GPGSA,A,3,32,01,03,04,11,19,17,14,23,31,09,12,1.28,0.78,1.01*03
590: $GPGSA,A,3,32,01,03,04,11,19,17,14,23,31,09,12,1.29,0.80,1.01*05
591: $GPGSA,A,3,32,01,03,04,11,19,17,14,23,31,09,12,1.29,0.80,1.01*05
592: $GPGSA,A,3,32,01,03,04,11,19,17,14,23,31,09,12,1.29,0.80,1.01*05
593: $GPGSA,A,3,32,01,03,04,11,19,17,14,23,31,09,12,1.29,0.80,1.01*05
594: $GPGSA,A,3,32,01,03,04,11,19,17,14,23,31,09,12,1.29,0.80,1.01*05
595: $GPGSA,A,3,32,01,03,04,11,19,17,14,23,31,09,12,1.29,0.80,1.01*05
596: $GPGSA,A,3,32,01,03,04,11,19,17,14,23,31,09,12,1.29,0.80,1.01*05
597: $GPGSA,A,3,32,01,03,04,11,19,17,14,23,31,09,12,1.29,0.80,1.01*05
598: $GPGSA,A,3,32,01,03,04,11,19,17,14,23,31,09,12,1.29,0.80,1.01*05
599: $GPGSA,A,3,32,01,03,04,11,19,17,14,23,31,09,12,1.29,0.80,1.01*05
